api_version,coverage_mode,cpu_median_ms,extra_lights,gpu_mad_ms,gpu_median_ms,gpu_name,gpu_p95_ms,gpu_type,gpu_vendor,incremental_vs_card_control_ms,incremental_vs_no_hair_ms,name,pipeline_cache_uuid,pixels,repeat_index,resolution,total_lights
1.4.341,cards,0.0740000009536743,0,0.00100000202655792,0.068000003695488,NVIDIA GeForce RTX 5090,0.0769999995827675,discrete_gpu,NVIDIA,,,NO_HAIR,51a3388a126ea8d9d02b357f60da313e-driver-2559295488,921600,0,1280x720,1
1.4.341,cards,0.0759999975562096,0,0.0,0.146999999880791,NVIDIA GeForce RTX 5090,0.152999997138977,discrete_gpu,NVIDIA,,0.0789999961853027,CARD_CONTROL,51a3388a126ea8d9d02b357f60da313e-driver-2559295488,921600,0,1280x720,1
1.4.341,cards,0.0750000029802322,0,0.0,0.149000003933907,NVIDIA GeForce RTX 5090,0.153999999165535,discrete_gpu,NVIDIA,0.00200000405311584,0.0810000002384186,ALU_PROBE_96,51a3388a126ea8d9d02b357f60da313e-driver-2559295488,921600,0,1280x720,1
1.4.341,cards,0.0740000009536743,0,0.00100000202655792,0.168999999761581,NVIDIA GeForce RTX 5090,0.180000007152557,discrete_gpu,NVIDIA,0.0219999998807907,0.100999996066093,LUT_PROBE_16,51a3388a126ea8d9d02b357f60da313e-driver-2559295488,921600,0,1280x720,1
1.4.341,cards,0.0759999975562096,0,0.000999987125396729,0.150000005960464,NVIDIA GeForce RTX 5090,0.155000001192093,discrete_gpu,NVIDIA,0.00300000607967377,0.0820000022649765,APPROX_KAJIYA_KAY,51a3388a126ea8d9d02b357f60da313e-driver-2559295488,921600,0,1280x720,1
1.4.341,cards,0.0750000029802322,0,0.000999987125396729,0.150999993085861,NVIDIA GeForce RTX 5090,0.158000007271767,discrete_gpu,NVIDIA,0.0039999932050705,0.0829999893903732,FAST_MARSCHNER,51a3388a126ea8d9d02b357f60da313e-driver-2559295488,921600,0,1280x720,1
1.4.341,cards,0.0750000029802322,0,0.00100000202655792,0.151999995112419,NVIDIA GeForce RTX 5090,0.159999996423721,discrete_gpu,NVIDIA,0.00499999523162842,0.0839999914169312,CINEMATIC_MARSCHNER,51a3388a126ea8d9d02b357f60da313e-driver-2559295488,921600,0,1280x720,1
1.4.341,cards,0.0710000023245811,0,0.00100000202655792,0.153999999165535,NVIDIA GeForce RTX 5090,0.158999994397163,discrete_gpu,NVIDIA,0.00699999928474426,0.085999995470047,REFERENCE_MARSCHNER,51a3388a126ea8d9d02b357f60da313e-driver-2559295488,921600,0,1280x720,1
1.4.341,cards,0.0759999975562096,0,0.000999994575977325,0.068000003695488,NVIDIA GeForce RTX 5090,0.0769999995827675,discrete_gpu,NVIDIA,,,NO_HAIR,51a3388a126ea8d9d02b357f60da313e-driver-2559295488,921600,1,1280x720,1
1.4.341,cards,0.0759999975562096,0,0.0,0.146999999880791,NVIDIA GeForce RTX 5090,0.149000003933907,discrete_gpu,NVIDIA,,0.0789999961853027,CARD_CONTROL,51a3388a126ea8d9d02b357f60da313e-driver-2559295488,921600,1,1280x720,1
1.4.341,cards,0.0799999982118607,0,0.0,0.149000003933907,NVIDIA GeForce RTX 5090,0.152999997138977,discrete_gpu,NVIDIA,0.00200000405311584,0.0810000002384186,ALU_PROBE_96,51a3388a126ea8d9d02b357f60da313e-driver-2559295488,921600,1,1280x720,1
1.4.341,cards,0.0750000029802322,0,0.00100000202655792,0.168999999761581,NVIDIA GeForce RTX 5090,0.177000001072884,discrete_gpu,NVIDIA,0.0219999998807907,0.100999996066093,LUT_PROBE_16,51a3388a126ea8d9d02b357f60da313e-driver-2559295488,921600,1,1280x720,1
1.4.341,cards,0.0769999995827675,0,0.00100000202655792,0.151999995112419,NVIDIA GeForce RTX 5090,0.155000001192093,discrete_gpu,NVIDIA,0.00499999523162842,0.0839999914169312,CINEMATIC_MARSCHNER,51a3388a126ea8d9d02b357f60da313e-driver-2559295488,921600,1,1280x720,1
1.4.341,cards,0.0719999969005585,0,0.0,0.150999993085861,NVIDIA GeForce RTX 5090,0.156000003218651,discrete_gpu,NVIDIA,0.0039999932050705,0.0829999893903732,FAST_MARSCHNER,51a3388a126ea8d9d02b357f60da313e-driver-2559295488,921600,1,1280x720,1
1.4.341,cards,0.0799999982118607,0,0.000999987125396729,0.150000005960464,NVIDIA GeForce RTX 5090,0.156000003218651,discrete_gpu,NVIDIA,0.00300000607967377,0.0820000022649765,APPROX_KAJIYA_KAY,51a3388a126ea8d9d02b357f60da313e-driver-2559295488,921600,1,1280x720,1
1.4.341,cards,0.0790000036358833,0,0.00100000202655792,0.153999999165535,NVIDIA GeForce RTX 5090,0.158999994397163,discrete_gpu,NVIDIA,0.00699999928474426,0.085999995470047,REFERENCE_MARSCHNER,51a3388a126ea8d9d02b357f60da313e-driver-2559295488,921600,1,1280x720,1
1.4.341,cards,0.0649999976158142,0,0.000999994575977325,0.068000003695488,NVIDIA GeForce RTX 5090,0.0780000016093254,discrete_gpu,NVIDIA,,,NO_HAIR,51a3388a126ea8d9d02b357f60da313e-driver-2559295488,921600,2,1280x720,1
1.4.341,cards,0.0750000029802322,0,0.00100000202655792,0.146999999880791,NVIDIA GeForce RTX 5090,0.153999999165535,discrete_gpu,NVIDIA,,0.0789999961853027,CARD_CONTROL,51a3388a126ea8d9d02b357f60da313e-driver-2559295488,921600,2,1280x720,1
1.4.341,cards,0.0750000029802322,0,0.00100000202655792,0.149000003933907,NVIDIA GeForce RTX 5090,0.156000003218651,discrete_gpu,NVIDIA,0.00200000405311584,0.0810000002384186,ALU_PROBE_96,51a3388a126ea8d9d02b357f60da313e-driver-2559295488,921600,2,1280x720,1
1.4.341,cards,0.0750000029802322,0,0.00100000202655792,0.167999997735024,NVIDIA GeForce RTX 5090,0.180000007152557,discrete_gpu,NVIDIA,0.0209999978542328,0.0999999940395355,LUT_PROBE_16,51a3388a126ea8d9d02b357f60da313e-driver-2559295488,921600,2,1280x720,1
1.4.341,cards,0.0750000029802322,0,0.0,0.151999995112419,NVIDIA GeForce RTX 5090,0.157000005245209,discrete_gpu,NVIDIA,0.00499999523162842,0.0839999914169312,CINEMATIC_MARSCHNER,51a3388a126ea8d9d02b357f60da313e-driver-2559295488,921600,2,1280x720,1
1.4.341,cards,0.0769999995827675,0,0.00100000202655792,0.153999999165535,NVIDIA GeForce RTX 5090,0.159999996423721,discrete_gpu,NVIDIA,0.00699999928474426,0.085999995470047,REFERENCE_MARSCHNER,51a3388a126ea8d9d02b357f60da313e-driver-2559295488,921600,2,1280x720,1
1.4.341,cards,0.0759999975562096,0,0.000999987125396729,0.150999993085861,NVIDIA GeForce RTX 5090,0.157000005245209,discrete_gpu,NVIDIA,0.0039999932050705,0.0829999893903732,APPROX_KAJIYA_KAY,51a3388a126ea8d9d02b357f60da313e-driver-2559295488,921600,2,1280x720,1
1.4.341,cards,0.0759999975562096,0,0.00100000202655792,0.151999995112419,NVIDIA GeForce RTX 5090,0.157000005245209,discrete_gpu,NVIDIA,0.00499999523162842,0.0839999914169312,FAST_MARSCHNER,51a3388a126ea8d9d02b357f60da313e-driver-2559295488,921600,2,1280x720,1
1.4.341,cards,0.0750000029802322,0,0.000999994575977325,0.068000003695488,NVIDIA GeForce RTX 5090,0.0790000036358833,discrete_gpu,NVIDIA,,,NO_HAIR,51a3388a126ea8d9d02b357f60da313e-driver-2559295488,921600,3,1280x720,1
1.4.341,cards,0.0780000016093254,0,0.00100000202655792,0.146999999880791,NVIDIA GeForce RTX 5090,0.151999995112419,discrete_gpu,NVIDIA,,0.0789999961853027,CARD_CONTROL,51a3388a126ea8d9d02b357f60da313e-driver-2559295488,921600,3,1280x720,1
1.4.341,cards,0.0750000029802322,0,0.00100000202655792,0.149000003933907,NVIDIA GeForce RTX 5090,0.152999997138977,discrete_gpu,NVIDIA,0.00200000405311584,0.0810000002384186,ALU_PROBE_96,51a3388a126ea8d9d02b357f60da313e-driver-2559295488,921600,3,1280x720,1
1.4.341,cards,0.0790000036358833,0,0.00100000202655792,0.168999999761581,NVIDIA GeForce RTX 5090,0.178000003099442,discrete_gpu,NVIDIA,0.0219999998807907,0.100999996066093,LUT_PROBE_16,51a3388a126ea8d9d02b357f60da313e-driver-2559295488,921600,3,1280x720,1
1.4.341,cards,0.0820000022649765,0,0.000999987125396729,0.150999993085861,NVIDIA GeForce RTX 5090,0.157000005245209,discrete_gpu,NVIDIA,0.0039999932050705,0.0829999893903732,APPROX_KAJIYA_KAY,51a3388a126ea8d9d02b357f60da313e-driver-2559295488,921600,3,1280x720,1
1.4.341,cards,0.0890000015497208,0,0.0,0.153999999165535,NVIDIA GeForce RTX 5090,0.158999994397163,discrete_gpu,NVIDIA,0.00699999928474426,0.085999995470047,REFERENCE_MARSCHNER,51a3388a126ea8d9d02b357f60da313e-driver-2559295488,921600,3,1280x720,1
1.4.341,cards,0.0970000028610229,0,0.00100000202655792,0.151999995112419,NVIDIA GeForce RTX 5090,0.158000007271767,discrete_gpu,NVIDIA,0.00499999523162842,0.0839999914169312,CINEMATIC_MARSCHNER,51a3388a126ea8d9d02b357f60da313e-driver-2559295488,921600,3,1280x720,1
1.4.341,cards,0.0879999995231628,0,0.00100000202655792,0.151999995112419,NVIDIA GeForce RTX 5090,0.157000005245209,discrete_gpu,NVIDIA,0.00499999523162842,0.0839999914169312,FAST_MARSCHNER,51a3388a126ea8d9d02b357f60da313e-driver-2559295488,921600,3,1280x720,1
1.4.341,cards,0.0750000029802322,0,0.0,0.068000003695488,NVIDIA GeForce RTX 5090,0.0689999982714653,discrete_gpu,NVIDIA,,,NO_HAIR,51a3388a126ea8d9d02b357f60da313e-driver-2559295488,921600,4,1280x720,1
1.4.341,cards,0.0769999995827675,0,0.0,0.146999999880791,NVIDIA GeForce RTX 5090,0.149000003933907,discrete_gpu,NVIDIA,,0.0789999961853027,CARD_CONTROL,51a3388a126ea8d9d02b357f60da313e-driver-2559295488,921600,4,1280x720,1
1.4.341,cards,0.0780000016093254,0,0.0,0.149000003933907,NVIDIA GeForce RTX 5090,0.150999993085861,discrete_gpu,NVIDIA,0.00200000405311584,0.0810000002384186,ALU_PROBE_96,51a3388a126ea8d9d02b357f60da313e-driver-2559295488,921600,4,1280x720,1
1.4.341,cards,0.0780000016093254,0,0.00100000202655792,0.168999999761581,NVIDIA GeForce RTX 5090,0.172000005841255,discrete_gpu,NVIDIA,0.0219999998807907,0.100999996066093,LUT_PROBE_16,51a3388a126ea8d9d02b357f60da313e-driver-2559295488,921600,4,1280x720,1
1.4.341,cards,0.0780000016093254,0,0.000999987125396729,0.150000005960464,NVIDIA GeForce RTX 5090,0.153999999165535,discrete_gpu,NVIDIA,0.00300000607967377,0.0820000022649765,APPROX_KAJIYA_KAY,51a3388a126ea8d9d02b357f60da313e-driver-2559295488,921600,4,1280x720,1
1.4.341,cards,0.0769999995827675,0,0.000999987125396729,0.150999993085861,NVIDIA GeForce RTX 5090,0.155000001192093,discrete_gpu,NVIDIA,0.0039999932050705,0.0829999893903732,FAST_MARSCHNER,51a3388a126ea8d9d02b357f60da313e-driver-2559295488,921600,4,1280x720,1
1.4.341,cards,0.0769999995827675,0,0.00100000202655792,0.151999995112419,NVIDIA GeForce RTX 5090,0.153999999165535,discrete_gpu,NVIDIA,0.00499999523162842,0.0839999914169312,CINEMATIC_MARSCHNER,51a3388a126ea8d9d02b357f60da313e-driver-2559295488,921600,4,1280x720,1
1.4.341,cards,0.0769999995827675,0,0.00100000202655792,0.153999999165535,NVIDIA GeForce RTX 5090,0.156000003218651,discrete_gpu,NVIDIA,0.00699999928474426,0.085999995470047,REFERENCE_MARSCHNER,51a3388a126ea8d9d02b357f60da313e-driver-2559295488,921600,4,1280x720,1
1.4.341,cards,0.0700000002980232,3,0.000999994575977325,0.0719999969005585,NVIDIA GeForce RTX 5090,0.0790000036358833,discrete_gpu,NVIDIA,,,NO_HAIR,51a3388a126ea8d9d02b357f60da313e-driver-2559295488,921600,0,1280x720,4
1.4.341,cards,0.068000003695488,3,0.0,0.146999999880791,NVIDIA GeForce RTX 5090,0.155000001192093,discrete_gpu,NVIDIA,,0.0750000029802322,CARD_CONTROL,51a3388a126ea8d9d02b357f60da313e-driver-2559295488,921600,0,1280x720,4
1.4.341,cards,0.0769999995827675,3,0.0,0.149000003933907,NVIDIA GeForce RTX 5090,0.156000003218651,discrete_gpu,NVIDIA,0.00200000405311584,0.0770000070333481,ALU_PROBE_96,51a3388a126ea8d9d02b357f60da313e-driver-2559295488,921600,0,1280x720,4
1.4.341,cards,0.0769999995827675,3,0.00100000202655792,0.168999999761581,NVIDIA GeForce RTX 5090,0.175999999046326,discrete_gpu,NVIDIA,0.0219999998807907,0.0970000028610229,LUT_PROBE_16,51a3388a126ea8d9d02b357f60da313e-driver-2559295488,921600,0,1280x720,4
1.4.341,cards,0.0769999995827675,3,0.00100000202655792,0.151999995112419,NVIDIA GeForce RTX 5090,0.159999996423721,discrete_gpu,NVIDIA,0.00499999523162842,0.0799999982118607,APPROX_KAJIYA_KAY,51a3388a126ea8d9d02b357f60da313e-driver-2559295488,921600,0,1280x720,4
1.4.341,cards,0.0769999995827675,3,0.00100000202655792,0.153999999165535,NVIDIA GeForce RTX 5090,0.159999996423721,discrete_gpu,NVIDIA,0.00699999928474426,0.0820000022649765,FAST_MARSCHNER,51a3388a126ea8d9d02b357f60da313e-driver-2559295488,921600,0,1280x720,4
1.4.341,cards,0.0759999975562096,3,0.000999987125396729,0.165000006556511,NVIDIA GeForce RTX 5090,0.172000005841255,discrete_gpu,NVIDIA,0.0180000066757202,0.0930000096559525,CINEMATIC_MARSCHNER,51a3388a126ea8d9d02b357f60da313e-driver-2559295488,921600,0,1280x720,4
1.4.341,cards,0.0759999975562096,3,0.00100000202655792,0.157000005245209,NVIDIA GeForce RTX 5090,0.164000004529953,discrete_gpu,NVIDIA,0.010000005364418,0.0850000083446503,REFERENCE_MARSCHNER,51a3388a126ea8d9d02b357f60da313e-driver-2559295488,921600,0,1280x720,4
1.4.341,cards,0.068000003695488,3,0.000999994575977325,0.0719999969005585,NVIDIA GeForce RTX 5090,0.0740000009536743,discrete_gpu,NVIDIA,,,NO_HAIR,51a3388a126ea8d9d02b357f60da313e-driver-2559295488,921600,1,1280x720,4
1.4.341,cards,0.0759999975562096,3,0.0,0.146999999880791,NVIDIA GeForce RTX 5090,0.150000005960464,discrete_gpu,NVIDIA,,0.0750000029802322,CARD_CONTROL,51a3388a126ea8d9d02b357f60da313e-driver-2559295488,921600,1,1280x720,4
1.4.341,cards,0.0769999995827675,3,0.0,0.149000003933907,NVIDIA GeForce RTX 5090,0.151999995112419,discrete_gpu,NVIDIA,0.00200000405311584,0.0770000070333481,ALU_PROBE_96,51a3388a126ea8d9d02b357f60da313e-driver-2559295488,921600,1,1280x720,4
1.4.341,cards,0.0769999995827675,3,0.00100000202655792,0.168999999761581,NVIDIA GeForce RTX 5090,0.175999999046326,discrete_gpu,NVIDIA,0.0219999998807907,0.0970000028610229,LUT_PROBE_16,51a3388a126ea8d9d02b357f60da313e-driver-2559295488,921600,1,1280x720,4
1.4.341,cards,0.0769999995827675,3,0.000999987125396729,0.165000006556511,NVIDIA GeForce RTX 5090,0.17399999499321,discrete_gpu,NVIDIA,0.0180000066757202,0.0930000096559525,CINEMATIC_MARSCHNER,51a3388a126ea8d9d02b357f60da313e-driver-2559295488,921600,1,1280x720,4
1.4.341,cards,0.0769999995827675,3,0.00100000202655792,0.153999999165535,NVIDIA GeForce RTX 5090,0.158999994397163,discrete_gpu,NVIDIA,0.00699999928474426,0.0820000022649765,FAST_MARSCHNER,51a3388a126ea8d9d02b357f60da313e-driver-2559295488,921600,1,1280x720,4
1.4.341,cards,0.0769999995827675,3,0.00100000202655792,0.151999995112419,NVIDIA GeForce RTX 5090,0.157000005245209,discrete_gpu,NVIDIA,0.00499999523162842,0.0799999982118607,APPROX_KAJIYA_KAY,51a3388a126ea8d9d02b357f60da313e-driver-2559295488,921600,1,1280x720,4
1.4.341,cards,0.0769999995827675,3,0.00100000202655792,0.156000003218651,NVIDIA GeForce RTX 5090,0.158999994397163,discrete_gpu,NVIDIA,0.00900000333786011,0.0840000063180923,REFERENCE_MARSCHNER,51a3388a126ea8d9d02b357f60da313e-driver-2559295488,921600,1,1280x720,4
1.4.341,cards,0.0649999976158142,3,0.000999994575977325,0.0719999969005585,NVIDIA GeForce RTX 5090,0.0740000009536743,discrete_gpu,NVIDIA,,,NO_HAIR,51a3388a126ea8d9d02b357f60da313e-driver-2559295488,921600,2,1280x720,4
1.4.341,cards,0.0769999995827675,3,0.0,0.146999999880791,NVIDIA GeForce RTX 5090,0.149000003933907,discrete_gpu,NVIDIA,,0.0750000029802322,CARD_CONTROL,51a3388a126ea8d9d02b357f60da313e-driver-2559295488,921600,2,1280x720,4
1.4.341,cards,0.0750000029802322,3,0.0,0.149000003933907,NVIDIA GeForce RTX 5090,0.152999997138977,discrete_gpu,NVIDIA,0.00200000405311584,0.0770000070333481,ALU_PROBE_96,51a3388a126ea8d9d02b357f60da313e-driver-2559295488,921600,2,1280x720,4
1.4.341,cards,0.0780000016093254,3,0.00100000202655792,0.168999999761581,NVIDIA GeForce RTX 5090,0.177000001072884,discrete_gpu,NVIDIA,0.0219999998807907,0.0970000028610229,LUT_PROBE_16,51a3388a126ea8d9d02b357f60da313e-driver-2559295488,921600,2,1280x720,4
1.4.341,cards,0.0719999969005585,3,0.000999987125396729,0.165999993681908,NVIDIA GeForce RTX 5090,0.168999999761581,discrete_gpu,NVIDIA,0.0189999938011169,0.0939999967813492,CINEMATIC_MARSCHNER,51a3388a126ea8d9d02b357f60da313e-driver-2559295488,921600,2,1280x720,4
1.4.341,cards,0.0769999995827675,3,0.00100000202655792,0.157000005245209,NVIDIA GeForce RTX 5090,0.158000007271767,discrete_gpu,NVIDIA,0.010000005364418,0.0850000083446503,REFERENCE_MARSCHNER,51a3388a126ea8d9d02b357f60da313e-driver-2559295488,921600,2,1280x720,4
1.4.341,cards,0.0759999975562096,3,0.0,0.151999995112419,NVIDIA GeForce RTX 5090,0.155000001192093,discrete_gpu,NVIDIA,0.00499999523162842,0.0799999982118607,APPROX_KAJIYA_KAY,51a3388a126ea8d9d02b357f60da313e-driver-2559295488,921600,2,1280x720,4
1.4.341,cards,0.0759999975562096,3,0.00100000202655792,0.153999999165535,NVIDIA GeForce RTX 5090,0.156000003218651,discrete_gpu,NVIDIA,0.00699999928474426,0.0820000022649765,FAST_MARSCHNER,51a3388a126ea8d9d02b357f60da313e-driver-2559295488,921600,2,1280x720,4
1.4.341,cards,0.0750000029802322,3,0.000999994575977325,0.0719999969005585,NVIDIA GeForce RTX 5090,0.0750000029802322,discrete_gpu,NVIDIA,,,NO_HAIR,51a3388a126ea8d9d02b357f60da313e-driver-2559295488,921600,3,1280x720,4
1.4.341,cards,0.112999998033047,3,0.00100000202655792,0.148000001907349,NVIDIA GeForce RTX 5090,0.150000005960464,discrete_gpu,NVIDIA,,0.0760000050067902,CARD_CONTROL,51a3388a126ea8d9d02b357f60da313e-driver-2559295488,921600,3,1280x720,4
1.4.341,cards,0.148000001907349,3,0.00100000202655792,0.151999995112419,NVIDIA GeForce RTX 5090,0.160999998450279,discrete_gpu,NVIDIA,0.0039999932050705,0.0799999982118607,ALU_PROBE_96,51a3388a126ea8d9d02b357f60da313e-driver-2559295488,921600,3,1280x720,4
1.4.341,cards,0.0829999968409538,3,0.00100000202655792,0.168999999761581,NVIDIA GeForce RTX 5090,0.17399999499321,discrete_gpu,NVIDIA,0.0209999978542328,0.0970000028610229,LUT_PROBE_16,51a3388a126ea8d9d02b357f60da313e-driver-2559295488,921600,3,1280x720,4
1.4.341,cards,0.0799999982118607,3,0.00100000202655792,0.151999995112419,NVIDIA GeForce RTX 5090,0.155000001192093,discrete_gpu,NVIDIA,0.0039999932050705,0.0799999982118607,APPROX_KAJIYA_KAY,51a3388a126ea8d9d02b357f60da313e-driver-2559295488,921600,3,1280x720,4
1.4.341,cards,0.0820000022649765,3,0.00100000202655792,0.157000005245209,NVIDIA GeForce RTX 5090,0.160999998450279,discrete_gpu,NVIDIA,0.00900000333786011,0.0850000083446503,REFERENCE_MARSCHNER,51a3388a126ea8d9d02b357f60da313e-driver-2559295488,921600,3,1280x720,4
1.4.341,cards,0.0850000008940697,3,0.000999987125396729,0.165999993681908,NVIDIA GeForce RTX 5090,0.178000003099442,discrete_gpu,NVIDIA,0.017999991774559,0.0939999967813492,CINEMATIC_MARSCHNER,51a3388a126ea8d9d02b357f60da313e-driver-2559295488,921600,3,1280x720,4
1.4.341,cards,0.0810000002384186,3,0.00100000202655792,0.153999999165535,NVIDIA GeForce RTX 5090,0.162000000476837,discrete_gpu,NVIDIA,0.00599999725818634,0.0820000022649765,FAST_MARSCHNER,51a3388a126ea8d9d02b357f60da313e-driver-2559295488,921600,3,1280x720,4
1.4.341,cards,0.0759999975562096,3,0.000999994575977325,0.0719999969005585,NVIDIA GeForce RTX 5090,0.0839999988675117,discrete_gpu,NVIDIA,,,NO_HAIR,51a3388a126ea8d9d02b357f60da313e-driver-2559295488,921600,4,1280x720,4
1.4.341,cards,0.0740000009536743,3,0.00100000202655792,0.146999999880791,NVIDIA GeForce RTX 5090,0.150999993085861,discrete_gpu,NVIDIA,,0.0750000029802322,CARD_CONTROL,51a3388a126ea8d9d02b357f60da313e-driver-2559295488,921600,4,1280x720,4
1.4.341,cards,0.0700000002980232,3,0.00100000202655792,0.149000003933907,NVIDIA GeForce RTX 5090,0.155000001192093,discrete_gpu,NVIDIA,0.00200000405311584,0.0770000070333481,ALU_PROBE_96,51a3388a126ea8d9d02b357f60da313e-driver-2559295488,921600,4,1280x720,4
1.4.341,cards,0.0759999975562096,3,0.00100000202655792,0.168999999761581,NVIDIA GeForce RTX 5090,0.179000005125999,discrete_gpu,NVIDIA,0.0219999998807907,0.0970000028610229,LUT_PROBE_16,51a3388a126ea8d9d02b357f60da313e-driver-2559295488,921600,4,1280x720,4
1.4.341,cards,0.0759999975562096,3,0.00100000202655792,0.151999995112419,NVIDIA GeForce RTX 5090,0.157000005245209,discrete_gpu,NVIDIA,0.00499999523162842,0.0799999982118607,APPROX_KAJIYA_KAY,51a3388a126ea8d9d02b357f60da313e-driver-2559295488,921600,4,1280x720,4
1.4.341,cards,0.0750000029802322,3,0.0,0.153999999165535,NVIDIA GeForce RTX 5090,0.159999996423721,discrete_gpu,NVIDIA,0.00699999928474426,0.0820000022649765,FAST_MARSCHNER,51a3388a126ea8d9d02b357f60da313e-driver-2559295488,921600,4,1280x720,4
1.4.341,cards,0.0769999995827675,3,0.000999987125396729,0.165999993681908,NVIDIA GeForce RTX 5090,0.177000001072884,discrete_gpu,NVIDIA,0.0189999938011169,0.0939999967813492,CINEMATIC_MARSCHNER,51a3388a126ea8d9d02b357f60da313e-driver-2559295488,921600,4,1280x720,4
1.4.341,cards,0.0780000016093254,3,0.00100000202655792,0.157000005245209,NVIDIA GeForce RTX 5090,0.163000002503395,discrete_gpu,NVIDIA,0.010000005364418,0.0850000083446503,REFERENCE_MARSCHNER,51a3388a126ea8d9d02b357f60da313e-driver-2559295488,921600,4,1280x720,4
1.4.341,cards,0.0759999975562096,7,0.00100000202655792,0.0780000016093254,NVIDIA GeForce RTX 5090,0.0930000022053719,discrete_gpu,NVIDIA,,,NO_HAIR,51a3388a126ea8d9d02b357f60da313e-driver-2559295488,921600,0,1280x720,8
1.4.341,cards,0.0769999995827675,7,0.00100000202655792,0.146999999880791,NVIDIA GeForce RTX 5090,0.158000007271767,discrete_gpu,NVIDIA,,0.0689999982714653,CARD_CONTROL,51a3388a126ea8d9d02b357f60da313e-driver-2559295488,921600,0,1280x720,8
1.4.341,cards,0.0780000016093254,7,0.00100000202655792,0.150000005960464,NVIDIA GeForce RTX 5090,0.159999996423721,discrete_gpu,NVIDIA,0.00300000607967377,0.0720000043511391,ALU_PROBE_96,51a3388a126ea8d9d02b357f60da313e-driver-2559295488,921600,0,1280x720,8
1.4.341,cards,0.0780000016093254,7,0.00199998915195465,0.171000003814697,NVIDIA GeForce RTX 5090,0.186000004410744,discrete_gpu,NVIDIA,0.0240000039339066,0.0930000022053719,LUT_PROBE_16,51a3388a126ea8d9d02b357f60da313e-driver-2559295488,921600,0,1280x720,8
1.4.341,cards,0.0780000016093254,7,0.00100000202655792,0.156000003218651,NVIDIA GeForce RTX 5090,0.172999992966652,discrete_gpu,NVIDIA,0.00900000333786011,0.0780000016093254,APPROX_KAJIYA_KAY,51a3388a126ea8d9d02b357f60da313e-driver-2559295488,921600,0,1280x720,8
1.4.341,cards,0.0769999995827675,7,0.00100000202655792,0.165000006556511,NVIDIA GeForce RTX 5090,0.185000002384186,discrete_gpu,NVIDIA,0.0180000066757202,0.0870000049471855,FAST_MARSCHNER,51a3388a126ea8d9d02b357f60da313e-driver-2559295488,921600,0,1280x720,8
1.4.341,cards,0.0769999995827675,7,0.00100000202655792,0.200000002980232,NVIDIA GeForce RTX 5090,0.215000003576279,discrete_gpu,NVIDIA,0.0530000030994415,0.122000001370907,CINEMATIC_MARSCHNER,51a3388a126ea8d9d02b357f60da313e-driver-2559295488,921600,0,1280x720,8
1.4.341,cards,0.0759999975562096,7,0.00100000202655792,0.166999995708466,NVIDIA GeForce RTX 5090,0.184000000357628,discrete_gpu,NVIDIA,0.0199999958276749,0.0889999940991402,REFERENCE_MARSCHNER,51a3388a126ea8d9d02b357f60da313e-driver-2559295488,921600,0,1280x720,8
1.4.341,cards,0.0640000030398369,7,0.00100000202655792,0.0780000016093254,NVIDIA GeForce RTX 5090,0.0839999988675117,discrete_gpu,NVIDIA,,,NO_HAIR,51a3388a126ea8d9d02b357f60da313e-driver-2559295488,921600,1,1280x720,8
1.4.341,cards,0.0759999975562096,7,0.00100000202655792,0.146999999880791,NVIDIA GeForce RTX 5090,0.156000003218651,discrete_gpu,NVIDIA,,0.0689999982714653,CARD_CONTROL,51a3388a126ea8d9d02b357f60da313e-driver-2559295488,921600,1,1280x720,8
1.4.341,cards,0.0769999995827675,7,0.00100000202655792,0.149000003933907,NVIDIA GeForce RTX 5090,0.156000003218651,discrete_gpu,NVIDIA,0.00200000405311584,0.0710000023245811,ALU_PROBE_96,51a3388a126ea8d9d02b357f60da313e-driver-2559295488,921600,1,1280x720,8
1.4.341,cards,0.0769999995827675,7,0.00199998915195465,0.171000003814697,NVIDIA GeForce RTX 5090,0.180999994277954,discrete_gpu,NVIDIA,0.0240000039339066,0.0930000022053719,LUT_PROBE_16,51a3388a126ea8d9d02b357f60da313e-driver-2559295488,921600,1,1280x720,8
1.4.341,cards,0.0769999995827675,7,0.00100000202655792,0.199000000953674,NVIDIA GeForce RTX 5090,0.209999993443489,discrete_gpu,NVIDIA,0.0520000010728836,0.120999999344349,CINEMATIC_MARSCHNER,51a3388a126ea8d9d02b357f60da313e-driver-2559295488,921600,1,1280x720,8
1.4.341,cards,0.0759999975562096,7,0.00100000202655792,0.165000006556511,NVIDIA GeForce RTX 5090,0.178000003099442,discrete_gpu,NVIDIA,0.0180000066757202,0.0870000049471855,FAST_MARSCHNER,51a3388a126ea8d9d02b357f60da313e-driver-2559295488,921600,1,1280x720,8
1.4.341,cards,0.0769999995827675,7,0.00100000202655792,0.156000003218651,NVIDIA GeForce RTX 5090,0.166999995708466,discrete_gpu,NVIDIA,0.00900000333786011,0.0780000016093254,APPROX_KAJIYA_KAY,51a3388a126ea8d9d02b357f60da313e-driver-2559295488,921600,1,1280x720,8
1.4.341,cards,0.0769999995827675,7,0.000999987125396729,0.165999993681908,NVIDIA GeForce RTX 5090,0.17399999499321,discrete_gpu,NVIDIA,0.0189999938011169,0.0879999920725822,REFERENCE_MARSCHNER,51a3388a126ea8d9d02b357f60da313e-driver-2559295488,921600,1,1280x720,8
1.4.341,cards,0.0740000009536743,7,0.00100000202655792,0.0780000016093254,NVIDIA GeForce RTX 5090,0.0900000035762787,discrete_gpu,NVIDIA,,,NO_HAIR,51a3388a126ea8d9d02b357f60da313e-driver-2559295488,921600,2,1280x720,8
1.4.341,cards,0.0759999975562096,7,0.00100000202655792,0.148000001907349,NVIDIA GeForce RTX 5090,0.151999995112419,discrete_gpu,NVIDIA,,0.0700000002980232,CARD_CONTROL,51a3388a126ea8d9d02b357f60da313e-driver-2559295488,921600,2,1280x720,8
1.4.341,cards,0.0750000029802322,7,0.00100000202655792,0.149000003933907,NVIDIA GeForce RTX 5090,0.150999993085861,discrete_gpu,NVIDIA,0.00100000202655792,0.0710000023245811,ALU_PROBE_96,51a3388a126ea8d9d02b357f60da313e-driver-2559295488,921600,2,1280x720,8
1.4.341,cards,0.0750000029802322,7,0.00100000202655792,0.171000003814697,NVIDIA GeForce RTX 5090,0.177000001072884,discrete_gpu,NVIDIA,0.0230000019073486,0.0930000022053719,LUT_PROBE_16,51a3388a126ea8d9d02b357f60da313e-driver-2559295488,921600,2,1280x720,8
1.4.341,cards,0.0759999975562096,7,0.00100000202655792,0.199000000953674,NVIDIA GeForce RTX 5090,0.203999996185303,discrete_gpu,NVIDIA,0.0509999990463257,0.120999999344349,CINEMATIC_MARSCHNER,51a3388a126ea8d9d02b357f60da313e-driver-2559295488,921600,2,1280x720,8
1.4.341,cards,0.0710000023245811,7,0.00100000202655792,0.165999993681908,NVIDIA GeForce RTX 5090,0.168999999761581,discrete_gpu,NVIDIA,0.017999991774559,0.0879999920725822,REFERENCE_MARSCHNER,51a3388a126ea8d9d02b357f60da313e-driver-2559295488,921600,2,1280x720,8
1.4.341,cards,0.0769999995827675,7,0.0,0.156000003218651,NVIDIA GeForce RTX 5090,0.158000007271767,discrete_gpu,NVIDIA,0.00800000131130219,0.0780000016093254,APPROX_KAJIYA_KAY,51a3388a126ea8d9d02b357f60da313e-driver-2559295488,921600,2,1280x720,8
1.4.341,cards,0.0769999995827675,7,0.00100000202655792,0.164000004529953,NVIDIA GeForce RTX 5090,0.170000001788139,discrete_gpu,NVIDIA,0.0160000026226044,0.0860000029206276,FAST_MARSCHNER,51a3388a126ea8d9d02b357f60da313e-driver-2559295488,921600,2,1280x720,8
1.4.341,cards,0.0640000030398369,7,0.00100000202655792,0.0769999995827675,NVIDIA GeForce RTX 5090,0.0790000036358833,discrete_gpu,NVIDIA,,,NO_HAIR,51a3388a126ea8d9d02b357f60da313e-driver-2559295488,921600,3,1280x720,8
1.4.341,cards,0.0780000016093254,7,0.00100000202655792,0.146999999880791,NVIDIA GeForce RTX 5090,0.150999993085861,discrete_gpu,NVIDIA,,0.0700000002980232,CARD_CONTROL,51a3388a126ea8d9d02b357f60da313e-driver-2559295488,921600,3,1280x720,8
1.4.341,cards,0.0769999995827675,7,0.00100000202655792,0.149000003933907,NVIDIA GeForce RTX 5090,0.150999993085861,discrete_gpu,NVIDIA,0.00200000405311584,0.0720000043511391,ALU_PROBE_96,51a3388a126ea8d9d02b357f60da313e-driver-2559295488,921600,3,1280x720,8
1.4.341,cards,0.0780000016093254,7,0.00100000202655792,0.172000005841255,NVIDIA GeForce RTX 5090,0.180000007152557,discrete_gpu,NVIDIA,0.0250000059604645,0.0950000062584877,LUT_PROBE_16,51a3388a126ea8d9d02b357f60da313e-driver-2559295488,921600,3,1280x720,8
1.4.341,cards,0.0780000016093254,7,0.0,0.155000001192093,NVIDIA GeForce RTX 5090,0.157000005245209,discrete_gpu,NVIDIA,0.00800000131130219,0.0780000016093254,APPROX_KAJIYA_KAY,51a3388a126ea8d9d02b357f60da313e-driver-2559295488,921600,3,1280x720,8
1.4.341,cards,0.0780000016093254,7,0.000999987125396729,0.165999993681908,NVIDIA GeForce RTX 5090,0.167999997735024,discrete_gpu,NVIDIA,0.0189999938011169,0.0889999940991402,REFERENCE_MARSCHNER,51a3388a126ea8d9d02b357f60da313e-driver-2559295488,921600,3,1280x720,8
1.4.341,cards,0.0790000036358833,7,0.00100000202655792,0.199000000953674,NVIDIA GeForce RTX 5090,0.212999999523163,discrete_gpu,NVIDIA,0.0520000010728836,0.122000001370907,CINEMATIC_MARSCHNER,51a3388a126ea8d9d02b357f60da313e-driver-2559295488,921600,3,1280x720,8
1.4.341,cards,0.0780000016093254,7,0.00100000202655792,0.164000004529953,NVIDIA GeForce RTX 5090,0.178000003099442,discrete_gpu,NVIDIA,0.0170000046491623,0.0870000049471855,FAST_MARSCHNER,51a3388a126ea8d9d02b357f60da313e-driver-2559295488,921600,3,1280x720,8
1.4.341,cards,0.0670000016689301,7,0.00100000202655792,0.0769999995827675,NVIDIA GeForce RTX 5090,0.0890000015497208,discrete_gpu,NVIDIA,,,NO_HAIR,51a3388a126ea8d9d02b357f60da313e-driver-2559295488,921600,4,1280x720,8
1.4.341,cards,0.0799999982118607,7,0.00100000202655792,0.148000001907349,NVIDIA GeForce RTX 5090,0.152999997138977,discrete_gpu,NVIDIA,,0.0710000023245811,CARD_CONTROL,51a3388a126ea8d9d02b357f60da313e-driver-2559295488,921600,4,1280x720,8
1.4.341,cards,0.0769999995827675,7,0.00100000202655792,0.149000003933907,NVIDIA GeForce RTX 5090,0.153999999165535,discrete_gpu,NVIDIA,0.00100000202655792,0.0720000043511391,ALU_PROBE_96,51a3388a126ea8d9d02b357f60da313e-driver-2559295488,921600,4,1280x720,8
1.4.341,cards,0.0799999982118607,7,0.00100000202655792,0.172000005841255,NVIDIA GeForce RTX 5090,0.184000000357628,discrete_gpu,NVIDIA,0.0240000039339066,0.0950000062584877,LUT_PROBE_16,51a3388a126ea8d9d02b357f60da313e-driver-2559295488,921600,4,1280x720,8
1.4.341,cards,0.0780000016093254,7,0.00100000202655792,0.155000001192093,NVIDIA GeForce RTX 5090,0.167999997735024,discrete_gpu,NVIDIA,0.00699999928474426,0.0780000016093254,APPROX_KAJIYA_KAY,51a3388a126ea8d9d02b357f60da313e-driver-2559295488,921600,4,1280x720,8
1.4.341,cards,0.0790000036358833,7,0.00100000202655792,0.165000006556511,NVIDIA GeForce RTX 5090,0.179000005125999,discrete_gpu,NVIDIA,0.0170000046491623,0.0880000069737434,FAST_MARSCHNER,51a3388a126ea8d9d02b357f60da313e-driver-2559295488,921600,4,1280x720,8
1.4.341,cards,0.0790000036358833,7,0.00100000202655792,0.200000002980232,NVIDIA GeForce RTX 5090,0.211999997496605,discrete_gpu,NVIDIA,0.0520000010728836,0.123000003397465,CINEMATIC_MARSCHNER,51a3388a126ea8d9d02b357f60da313e-driver-2559295488,921600,4,1280x720,8
1.4.341,cards,0.0769999995827675,7,0.000999987125396729,0.165999993681908,NVIDIA GeForce RTX 5090,0.177000001072884,discrete_gpu,NVIDIA,0.017999991774559,0.0889999940991402,REFERENCE_MARSCHNER,51a3388a126ea8d9d02b357f60da313e-driver-2559295488,921600,4,1280x720,8
1.4.341,coverage,0.063000001013279,0,0.000999994575977325,0.068000003695488,NVIDIA GeForce RTX 5090,0.0780000016093254,discrete_gpu,NVIDIA,,,NO_HAIR,51a3388a126ea8d9d02b357f60da313e-driver-2559295488,921600,0,1280x720,1
1.4.341,coverage,0.0769999995827675,0,0.00100000202655792,0.152999997138977,NVIDIA GeForce RTX 5090,0.163000002503395,discrete_gpu,NVIDIA,,0.0849999934434891,CARD_CONTROL,51a3388a126ea8d9d02b357f60da313e-driver-2559295488,921600,0,1280x720,1
1.4.341,coverage,0.0759999975562096,0,0.00100000202655792,0.156000003218651,NVIDIA GeForce RTX 5090,0.165000006556511,discrete_gpu,NVIDIA,0.00300000607967377,0.0879999995231628,ALU_PROBE_96,51a3388a126ea8d9d02b357f60da313e-driver-2559295488,921600,0,1280x720,1
1.4.341,coverage,0.0769999995827675,0,0.00100000202655792,0.216999992728233,NVIDIA GeForce RTX 5090,0.231000006198883,discrete_gpu,NVIDIA,0.0639999955892563,0.148999989032745,LUT_PROBE_16,51a3388a126ea8d9d02b357f60da313e-driver-2559295488,921600,0,1280x720,1
1.4.341,coverage,0.0759999975562096,0,0.00100000202655792,0.157000005245209,NVIDIA GeForce RTX 5090,0.166999995708466,discrete_gpu,NVIDIA,0.00400000810623169,0.0890000015497208,APPROX_KAJIYA_KAY,51a3388a126ea8d9d02b357f60da313e-driver-2559295488,921600,0,1280x720,1
1.4.341,coverage,0.0750000029802322,0,0.00100000202655792,0.163000002503395,NVIDIA GeForce RTX 5090,0.17399999499321,discrete_gpu,NVIDIA,0.010000005364418,0.0949999988079071,FAST_MARSCHNER,51a3388a126ea8d9d02b357f60da313e-driver-2559295488,921600,0,1280x720,1
1.4.341,coverage,0.0750000029802322,0,0.000999987125396729,0.165999993681908,NVIDIA GeForce RTX 5090,0.175999999046326,discrete_gpu,NVIDIA,0.0129999965429306,0.0979999899864197,CINEMATIC_MARSCHNER,51a3388a126ea8d9d02b357f60da313e-driver-2559295488,921600,0,1280x720,1
1.4.341,coverage,0.0759999975562096,0,0.000999987125396729,0.180000007152557,NVIDIA GeForce RTX 5090,0.19200000166893,discrete_gpu,NVIDIA,0.0270000100135803,0.112000003457069,REFERENCE_MARSCHNER,51a3388a126ea8d9d02b357f60da313e-driver-2559295488,921600,0,1280x720,1
1.4.341,coverage,0.0729999989271164,0,0.0,0.068000003695488,NVIDIA GeForce RTX 5090,0.0689999982714653,discrete_gpu,NVIDIA,,,NO_HAIR,51a3388a126ea8d9d02b357f60da313e-driver-2559295488,921600,1,1280x720,1
1.4.341,coverage,0.0750000029802322,0,0.00100000202655792,0.151999995112419,NVIDIA GeForce RTX 5090,0.153999999165535,discrete_gpu,NVIDIA,,0.0839999914169312,CARD_CONTROL,51a3388a126ea8d9d02b357f60da313e-driver-2559295488,921600,1,1280x720,1
1.4.341,coverage,0.0750000029802322,0,0.00100000202655792,0.156000003218651,NVIDIA GeForce RTX 5090,0.158000007271767,discrete_gpu,NVIDIA,0.00400000810623169,0.0879999995231628,ALU_PROBE_96,51a3388a126ea8d9d02b357f60da313e-driver-2559295488,921600,1,1280x720,1
1.4.341,coverage,0.0750000029802322,0,0.00100000202655792,0.215000003576279,NVIDIA GeForce RTX 5090,0.218999996781349,discrete_gpu,NVIDIA,0.0630000084638596,0.146999999880791,LUT_PROBE_16,51a3388a126ea8d9d02b357f60da313e-driver-2559295488,921600,1,1280x720,1
1.4.341,coverage,0.0759999975562096,0,0.000999987125396729,0.165000006556511,NVIDIA GeForce RTX 5090,0.168999999761581,discrete_gpu,NVIDIA,0.0130000114440918,0.0970000028610229,CINEMATIC_MARSCHNER,51a3388a126ea8d9d02b357f60da313e-driver-2559295488,921600,1,1280x720,1
1.4.341,coverage,0.0759999975562096,0,0.00100000202655792,0.163000002503395,NVIDIA GeForce RTX 5090,0.172000005841255,discrete_gpu,NVIDIA,0.011000007390976,0.0949999988079071,FAST_MARSCHNER,51a3388a126ea8d9d02b357f60da313e-driver-2559295488,921600,1,1280x720,1
1.4.341,coverage,0.0759999975562096,0,0.00100000202655792,0.157000005245209,NVIDIA GeForce RTX 5090,0.159999996423721,discrete_gpu,NVIDIA,0.00500001013278961,0.0890000015497208,APPROX_KAJIYA_KAY,51a3388a126ea8d9d02b357f60da313e-driver-2559295488,921600,1,1280x720,1
1.4.341,coverage,0.0769999995827675,0,0.000999987125396729,0.180000007152557,NVIDIA GeForce RTX 5090,0.181999996304512,discrete_gpu,NVIDIA,0.0280000120401382,0.112000003457069,REFERENCE_MARSCHNER,51a3388a126ea8d9d02b357f60da313e-driver-2559295488,921600,1,1280x720,1
1.4.341,coverage,0.061999998986721,0,0.000999994575977325,0.068000003695488,NVIDIA GeForce RTX 5090,0.0700000002980232,discrete_gpu,NVIDIA,,,NO_HAIR,51a3388a126ea8d9d02b357f60da313e-driver-2559295488,921600,2,1280x720,1
1.4.341,coverage,0.0740000009536743,0,0.00100000202655792,0.151999995112419,NVIDIA GeForce RTX 5090,0.157000005245209,discrete_gpu,NVIDIA,,0.0839999914169312,CARD_CONTROL,51a3388a126ea8d9d02b357f60da313e-driver-2559295488,921600,2,1280x720,1
1.4.341,coverage,0.0750000029802322,0,0.00100000202655792,0.156000003218651,NVIDIA GeForce RTX 5090,0.158999994397163,discrete_gpu,NVIDIA,0.00400000810623169,0.0879999995231628,ALU_PROBE_96,51a3388a126ea8d9d02b357f60da313e-driver-2559295488,921600,2,1280x720,1
1.4.341,coverage,0.0790000036358833,0,0.00100000202655792,0.216999992728233,NVIDIA GeForce RTX 5090,0.231000006198883,discrete_gpu,NVIDIA,0.0649999976158142,0.148999989032745,LUT_PROBE_16,51a3388a126ea8d9d02b357f60da313e-driver-2559295488,921600,2,1280x720,1
1.4.341,coverage,0.0780000016093254,0,0.000999987125396729,0.165999993681908,NVIDIA GeForce RTX 5090,0.175999999046326,discrete_gpu,NVIDIA,0.0139999985694885,0.0979999899864197,CINEMATIC_MARSCHNER,51a3388a126ea8d9d02b357f60da313e-driver-2559295488,921600,2,1280x720,1
1.4.341,coverage,0.0769999995827675,0,0.00100000202655792,0.180000007152557,NVIDIA GeForce RTX 5090,0.193000003695488,discrete_gpu,NVIDIA,0.0280000120401382,0.112000003457069,REFERENCE_MARSCHNER,51a3388a126ea8d9d02b357f60da313e-driver-2559295488,921600,2,1280x720,1
1.4.341,coverage,0.0740000009536743,0,0.00100000202655792,0.157000005245209,NVIDIA GeForce RTX 5090,0.166999995708466,discrete_gpu,NVIDIA,0.00500001013278961,0.0890000015497208,APPROX_KAJIYA_KAY,51a3388a126ea8d9d02b357f60da313e-driver-2559295488,921600,2,1280x720,1
1.4.341,coverage,0.0759999975562096,0,0.00100000202655792,0.163000002503395,NVIDIA GeForce RTX 5090,0.172999992966652,discrete_gpu,NVIDIA,0.011000007390976,0.0949999988079071,FAST_MARSCHNER,51a3388a126ea8d9d02b357f60da313e-driver-2559295488,921600,2,1280x720,1
1.4.341,coverage,0.0780000016093254,0,0.000999994575977325,0.068000003695488,NVIDIA GeForce RTX 5090,0.0829999968409538,discrete_gpu,NVIDIA,,,NO_HAIR,51a3388a126ea8d9d02b357f60da313e-driver-2559295488,921600,3,1280x720,1
1.4.341,coverage,0.0769999995827675,0,0.00100000202655792,0.152999997138977,NVIDIA GeForce RTX 5090,0.167999997735024,discrete_gpu,NVIDIA,,0.0849999934434891,CARD_CONTROL,51a3388a126ea8d9d02b357f60da313e-driver-2559295488,921600,3,1280x720,1
1.4.341,coverage,0.0750000029802322,0,0.00100000202655792,0.156000003218651,NVIDIA GeForce RTX 5090,0.171000003814697,discrete_gpu,NVIDIA,0.00300000607967377,0.0879999995231628,ALU_PROBE_96,51a3388a126ea8d9d02b357f60da313e-driver-2559295488,921600,3,1280x720,1
1.4.341,coverage,0.0769999995827675,0,0.00100000202655792,0.217999994754791,NVIDIA GeForce RTX 5090,0.233999997377396,discrete_gpu,NVIDIA,0.0649999976158142,0.149999991059303,LUT_PROBE_16,51a3388a126ea8d9d02b357f60da313e-driver-2559295488,921600,3,1280x720,1
1.4.341,coverage,0.0759999975562096,0,0.00100000202655792,0.157000005245209,NVIDIA GeForce RTX 5090,0.172000005841255,discrete_gpu,NVIDIA,0.00400000810623169,0.0890000015497208,APPROX_KAJIYA_KAY,51a3388a126ea8d9d02b357f60da313e-driver-2559295488,921600,3,1280x720,1
1.4.341,coverage,0.0769999995827675,0,0.00100000202655792,0.180000007152557,NVIDIA GeForce RTX 5090,0.196999996900558,discrete_gpu,NVIDIA,0.0270000100135803,0.112000003457069,REFERENCE_MARSCHNER,51a3388a126ea8d9d02b357f60da313e-driver-2559295488,921600,3,1280x720,1
1.4.341,coverage,0.0790000036358833,0,0.000999987125396729,0.165999993681908,NVIDIA GeForce RTX 5090,0.181999996304512,discrete_gpu,NVIDIA,0.0129999965429306,0.0979999899864197,CINEMATIC_MARSCHNER,51a3388a126ea8d9d02b357f60da313e-driver-2559295488,921600,3,1280x720,1
1.4.341,coverage,0.0769999995827675,0,0.00100000202655792,0.163000002503395,NVIDIA GeForce RTX 5090,0.178000003099442,discrete_gpu,NVIDIA,0.010000005364418,0.0949999988079071,FAST_MARSCHNER,51a3388a126ea8d9d02b357f60da313e-driver-2559295488,921600,3,1280x720,1
1.4.341,coverage,0.0790000036358833,0,0.000999994575977325,0.068000003695488,NVIDIA GeForce RTX 5090,0.0750000029802322,discrete_gpu,NVIDIA,,,NO_HAIR,51a3388a126ea8d9d02b357f60da313e-driver-2559295488,921600,4,1280x720,1
1.4.341,coverage,0.0820000022649765,0,0.00100000202655792,0.151999995112419,NVIDIA GeForce RTX 5090,0.159999996423721,discrete_gpu,NVIDIA,,0.0839999914169312,CARD_CONTROL,51a3388a126ea8d9d02b357f60da313e-driver-2559295488,921600,4,1280x720,1
1.4.341,coverage,0.0769999995827675,0,0.00100000202655792,0.156000003218651,NVIDIA GeForce RTX 5090,0.165000006556511,discrete_gpu,NVIDIA,0.00400000810623169,0.0879999995231628,ALU_PROBE_96,51a3388a126ea8d9d02b357f60da313e-driver-2559295488,921600,4,1280x720,1
1.4.341,coverage,0.0750000029802322,0,0.000999987125396729,0.216999992728233,NVIDIA GeForce RTX 5090,0.226999998092651,discrete_gpu,NVIDIA,0.0649999976158142,0.148999989032745,LUT_PROBE_16,51a3388a126ea8d9d02b357f60da313e-driver-2559295488,921600,4,1280x720,1
1.4.341,coverage,0.0740000009536743,0,0.00100000202655792,0.157000005245209,NVIDIA GeForce RTX 5090,0.166999995708466,discrete_gpu,NVIDIA,0.00500001013278961,0.0890000015497208,APPROX_KAJIYA_KAY,51a3388a126ea8d9d02b357f60da313e-driver-2559295488,921600,4,1280x720,1
1.4.341,coverage,0.0750000029802322,0,0.00100000202655792,0.163000002503395,NVIDIA GeForce RTX 5090,0.172999992966652,discrete_gpu,NVIDIA,0.011000007390976,0.0949999988079071,FAST_MARSCHNER,51a3388a126ea8d9d02b357f60da313e-driver-2559295488,921600,4,1280x720,1
1.4.341,coverage,0.0780000016093254,0,0.000999987125396729,0.165999993681908,NVIDIA GeForce RTX 5090,0.177000001072884,discrete_gpu,NVIDIA,0.0139999985694885,0.0979999899864197,CINEMATIC_MARSCHNER,51a3388a126ea8d9d02b357f60da313e-driver-2559295488,921600,4,1280x720,1
1.4.341,coverage,0.0769999995827675,0,0.000999987125396729,0.180000007152557,NVIDIA GeForce RTX 5090,0.194999992847443,discrete_gpu,NVIDIA,0.0280000120401382,0.112000003457069,REFERENCE_MARSCHNER,51a3388a126ea8d9d02b357f60da313e-driver-2559295488,921600,4,1280x720,1
1.4.341,coverage,0.0710000023245811,3,0.000999994575977325,0.0719999969005585,NVIDIA GeForce RTX 5090,0.0879999995231628,discrete_gpu,NVIDIA,,,NO_HAIR,51a3388a126ea8d9d02b357f60da313e-driver-2559295488,921600,0,1280x720,4
1.4.341,coverage,0.0769999995827675,3,0.00100000202655792,0.155000001192093,NVIDIA GeForce RTX 5090,0.172000005841255,discrete_gpu,NVIDIA,,0.0830000042915344,CARD_CONTROL,51a3388a126ea8d9d02b357f60da313e-driver-2559295488,921600,0,1280x720,4
1.4.341,coverage,0.0769999995827675,3,0.000999987125396729,0.158999994397163,NVIDIA GeForce RTX 5090,0.175999999046326,discrete_gpu,NVIDIA,0.0039999932050705,0.0869999974966049,ALU_PROBE_96,51a3388a126ea8d9d02b357f60da313e-driver-2559295488,921600,0,1280x720,4
1.4.341,coverage,0.0769999995827675,3,0.00100000202655792,0.219999998807907,NVIDIA GeForce RTX 5090,0.236000001430511,discrete_gpu,NVIDIA,0.0649999976158142,0.148000001907349,LUT_PROBE_16,51a3388a126ea8d9d02b357f60da313e-driver-2559295488,921600,0,1280x720,4
1.4.341,coverage,0.0759999975562096,3,0.00100000202655792,0.166999995708466,NVIDIA GeForce RTX 5090,0.184000000357628,discrete_gpu,NVIDIA,0.0119999945163727,0.0949999988079071,APPROX_KAJIYA_KAY,51a3388a126ea8d9d02b357f60da313e-driver-2559295488,921600,0,1280x720,4
1.4.341,coverage,0.0799999982118607,3,0.00100000202655792,0.175999999046326,NVIDIA GeForce RTX 5090,0.195999994874001,discrete_gpu,NVIDIA,0.0209999978542328,0.104000002145767,FAST_MARSCHNER,51a3388a126ea8d9d02b357f60da313e-driver-2559295488,921600,0,1280x720,4
1.4.341,coverage,0.0780000016093254,3,0.00100000202655792,0.207000002264977,NVIDIA GeForce RTX 5090,0.226999998092651,discrete_gpu,NVIDIA,0.0520000010728836,0.135000005364418,CINEMATIC_MARSCHNER,51a3388a126ea8d9d02b357f60da313e-driver-2559295488,921600,0,1280x720,4
1.4.341,coverage,0.0790000036358833,3,0.00100000202655792,0.199000000953674,NVIDIA GeForce RTX 5090,0.216999992728233,discrete_gpu,NVIDIA,0.0439999997615814,0.127000004053116,REFERENCE_MARSCHNER,51a3388a126ea8d9d02b357f60da313e-driver-2559295488,921600,0,1280x720,4
1.4.341,coverage,0.0740000009536743,3,0.000999994575977325,0.0719999969005585,NVIDIA GeForce RTX 5090,0.0740000009536743,discrete_gpu,NVIDIA,,,NO_HAIR,51a3388a126ea8d9d02b357f60da313e-driver-2559295488,921600,1,1280x720,4
1.4.341,coverage,0.0769999995827675,3,0.00100000202655792,0.155000001192093,NVIDIA GeForce RTX 5090,0.168999999761581,discrete_gpu,NVIDIA,,0.0830000042915344,CARD_CONTROL,51a3388a126ea8d9d02b357f60da313e-driver-2559295488,921600,1,1280x720,4
1.4.341,coverage,0.0790000036358833,3,0.000999987125396729,0.158999994397163,NVIDIA GeForce RTX 5090,0.172000005841255,discrete_gpu,NVIDIA,0.0039999932050705,0.0869999974966049,ALU_PROBE_96,51a3388a126ea8d9d02b357f60da313e-driver-2559295488,921600,1,1280x720,4
1.4.341,coverage,0.0820000022649765,3,0.00100000202655792,0.219999998807907,NVIDIA GeForce RTX 5090,0.23199999332428,discrete_gpu,NVIDIA,0.0649999976158142,0.148000001907349,LUT_PROBE_16,51a3388a126ea8d9d02b357f60da313e-driver-2559295488,921600,1,1280x720,4
1.4.341,coverage,0.0790000036358833,3,0.00100000202655792,0.207000002264977,NVIDIA GeForce RTX 5090,0.219999998807907,discrete_gpu,NVIDIA,0.0520000010728836,0.135000005364418,CINEMATIC_MARSCHNER,51a3388a126ea8d9d02b357f60da313e-driver-2559295488,921600,1,1280x720,4
1.4.341,coverage,0.0799999982118607,3,0.00100000202655792,0.175999999046326,NVIDIA GeForce RTX 5090,0.187999993562698,discrete_gpu,NVIDIA,0.0209999978542328,0.104000002145767,FAST_MARSCHNER,51a3388a126ea8d9d02b357f60da313e-driver-2559295488,921600,1,1280x720,4
1.4.341,coverage,0.0769999995827675,3,0.00100000202655792,0.166999995708466,NVIDIA GeForce RTX 5090,0.179000005125999,discrete_gpu,NVIDIA,0.0119999945163727,0.0949999988079071,APPROX_KAJIYA_KAY,51a3388a126ea8d9d02b357f60da313e-driver-2559295488,921600,1,1280x720,4
1.4.341,coverage,0.0799999982118607,3,0.00100000202655792,0.199000000953674,NVIDIA GeForce RTX 5090,0.214000001549721,discrete_gpu,NVIDIA,0.0439999997615814,0.127000004053116,REFERENCE_MARSCHNER,51a3388a126ea8d9d02b357f60da313e-driver-2559295488,921600,1,1280x720,4
1.4.341,coverage,0.0640000030398369,3,0.00100000202655792,0.0729999989271164,NVIDIA GeForce RTX 5090,0.0740000009536743,discrete_gpu,NVIDIA,,,NO_HAIR,51a3388a126ea8d9d02b357f60da313e-driver-2559295488,921600,2,1280x720,4
1.4.341,coverage,0.0659999996423721,3,0.00100000202655792,0.155000001192093,NVIDIA GeForce RTX 5090,0.163000002503395,discrete_gpu,NVIDIA,,0.0820000022649765,CARD_CONTROL,51a3388a126ea8d9d02b357f60da313e-driver-2559295488,921600,2,1280x720,4
1.4.341,coverage,0.0759999975562096,3,0.000999987125396729,0.158000007271767,NVIDIA GeForce RTX 5090,0.166999995708466,discrete_gpu,NVIDIA,0.00300000607967377,0.0850000083446503,ALU_PROBE_96,51a3388a126ea8d9d02b357f60da313e-driver-2559295488,921600,2,1280x720,4
1.4.341,coverage,0.0769999995827675,3,0.00100000202655792,0.218999996781349,NVIDIA GeForce RTX 5090,0.222000002861023,discrete_gpu,NVIDIA,0.0639999955892563,0.145999997854233,LUT_PROBE_16,51a3388a126ea8d9d02b357f60da313e-driver-2559295488,921600,2,1280x720,4
1.4.341,coverage,0.0769999995827675,3,0.00100000202655792,0.206000000238419,NVIDIA GeForce RTX 5090,0.210999995470047,discrete_gpu,NVIDIA,0.0509999990463257,0.133000001311302,CINEMATIC_MARSCHNER,51a3388a126ea8d9d02b357f60da313e-driver-2559295488,921600,2,1280x720,4
1.4.341,coverage,0.0750000029802322,3,0.00100000202655792,0.199000000953674,NVIDIA GeForce RTX 5090,0.207000002264977,discrete_gpu,NVIDIA,0.0439999997615814,0.126000002026558,REFERENCE_MARSCHNER,51a3388a126ea8d9d02b357f60da313e-driver-2559295488,921600,2,1280x720,4
1.4.341,coverage,0.0769999995827675,3,0.000999987125396729,0.165999993681908,NVIDIA GeForce RTX 5090,0.17399999499321,discrete_gpu,NVIDIA,0.0109999924898148,0.0929999947547913,APPROX_KAJIYA_KAY,51a3388a126ea8d9d02b357f60da313e-driver-2559295488,921600,2,1280x720,4
1.4.341,coverage,0.0769999995827675,3,0.00100000202655792,0.174999997019768,NVIDIA GeForce RTX 5090,0.18299999833107,discrete_gpu,NVIDIA,0.0199999958276749,0.101999998092651,FAST_MARSCHNER,51a3388a126ea8d9d02b357f60da313e-driver-2559295488,921600,2,1280x720,4
1.4.341,coverage,0.0640000030398369,3,0.000999994575977325,0.0710000023245811,NVIDIA GeForce RTX 5090,0.0769999995827675,discrete_gpu,NVIDIA,,,NO_HAIR,51a3388a126ea8d9d02b357f60da313e-driver-2559295488,921600,3,1280x720,4
1.4.341,coverage,0.0759999975562096,3,0.00100000202655792,0.155000001192093,NVIDIA GeForce RTX 5090,0.163000002503395,discrete_gpu,NVIDIA,,0.0839999988675117,CARD_CONTROL,51a3388a126ea8d9d02b357f60da313e-driver-2559295488,921600,3,1280x720,4
1.4.341,coverage,0.0769999995827675,3,0.000999987125396729,0.158999994397163,NVIDIA GeForce RTX 5090,0.166999995708466,discrete_gpu,NVIDIA,0.0039999932050705,0.0879999920725822,ALU_PROBE_96,51a3388a126ea8d9d02b357f60da313e-driver-2559295488,921600,3,1280x720,4
1.4.341,coverage,0.0750000029802322,3,0.00100000202655792,0.219999998807907,NVIDIA GeForce RTX 5090,0.228000000119209,discrete_gpu,NVIDIA,0.0649999976158142,0.148999996483326,LUT_PROBE_16,51a3388a126ea8d9d02b357f60da313e-driver-2559295488,921600,3,1280x720,4
1.4.341,coverage,0.0750000029802322,3,0.000999987125396729,0.165999993681908,NVIDIA GeForce RTX 5090,0.172999992966652,discrete_gpu,NVIDIA,0.0109999924898148,0.0949999913573265,APPROX_KAJIYA_KAY,51a3388a126ea8d9d02b357f60da313e-driver-2559295488,921600,3,1280x720,4
1.4.341,coverage,0.0740000009536743,3,0.00100000202655792,0.199000000953674,NVIDIA GeForce RTX 5090,0.206000000238419,discrete_gpu,NVIDIA,0.0439999997615814,0.127999998629093,REFERENCE_MARSCHNER,51a3388a126ea8d9d02b357f60da313e-driver-2559295488,921600,3,1280x720,4
1.4.341,coverage,0.0759999975562096,3,0.00100000202655792,0.207000002264977,NVIDIA GeForce RTX 5090,0.222000002861023,discrete_gpu,NVIDIA,0.0520000010728836,0.135999999940395,CINEMATIC_MARSCHNER,51a3388a126ea8d9d02b357f60da313e-driver-2559295488,921600,3,1280x720,4
1.4.341,coverage,0.0759999975562096,3,0.00100000202655792,0.174999997019768,NVIDIA GeForce RTX 5090,0.180999994277954,discrete_gpu,NVIDIA,0.0199999958276749,0.103999994695187,FAST_MARSCHNER,51a3388a126ea8d9d02b357f60da313e-driver-2559295488,921600,3,1280x720,4
1.4.341,coverage,0.0659999996423721,3,0.000999994575977325,0.0710000023245811,NVIDIA GeForce RTX 5090,0.0860000029206276,discrete_gpu,NVIDIA,,,NO_HAIR,51a3388a126ea8d9d02b357f60da313e-driver-2559295488,921600,4,1280x720,4
1.4.341,coverage,0.0769999995827675,3,0.00100000202655792,0.155000001192093,NVIDIA GeForce RTX 5090,0.172999992966652,discrete_gpu,NVIDIA,,0.0839999988675117,CARD_CONTROL,51a3388a126ea8d9d02b357f60da313e-driver-2559295488,921600,4,1280x720,4
1.4.341,coverage,0.0759999975562096,3,0.000999987125396729,0.158999994397163,NVIDIA GeForce RTX 5090,0.175999999046326,discrete_gpu,NVIDIA,0.0039999932050705,0.0879999920725822,ALU_PROBE_96,51a3388a126ea8d9d02b357f60da313e-driver-2559295488,921600,4,1280x720,4
1.4.341,coverage,0.0769999995827675,3,0.00100000202655792,0.219999998807907,NVIDIA GeForce RTX 5090,0.24099999666214,discrete_gpu,NVIDIA,0.0649999976158142,0.148999996483326,LUT_PROBE_16,51a3388a126ea8d9d02b357f60da313e-driver-2559295488,921600,4,1280x720,4
1.4.341,coverage,0.0759999975562096,3,0.00100000202655792,0.165999993681908,NVIDIA GeForce RTX 5090,0.18299999833107,discrete_gpu,NVIDIA,0.0109999924898148,0.0949999913573265,APPROX_KAJIYA_KAY,51a3388a126ea8d9d02b357f60da313e-driver-2559295488,921600,4,1280x720,4
1.4.341,coverage,0.0750000029802322,3,0.00100000202655792,0.174999997019768,NVIDIA GeForce RTX 5090,0.190999999642372,discrete_gpu,NVIDIA,0.0199999958276749,0.103999994695187,FAST_MARSCHNER,51a3388a126ea8d9d02b357f60da313e-driver-2559295488,921600,4,1280x720,4
1.4.341,coverage,0.0769999995827675,3,0.00100000202655792,0.207000002264977,NVIDIA GeForce RTX 5090,0.226999998092651,discrete_gpu,NVIDIA,0.0520000010728836,0.135999999940395,CINEMATIC_MARSCHNER,51a3388a126ea8d9d02b357f60da313e-driver-2559295488,921600,4,1280x720,4
1.4.341,coverage,0.0759999975562096,3,0.00100000202655792,0.199000000953674,NVIDIA GeForce RTX 5090,0.216999992728233,discrete_gpu,NVIDIA,0.0439999997615814,0.127999998629093,REFERENCE_MARSCHNER,51a3388a126ea8d9d02b357f60da313e-driver-2559295488,921600,4,1280x720,4
1.4.341,coverage,0.0659999996423721,7,0.00100000202655792,0.0769999995827675,NVIDIA GeForce RTX 5090,0.0799999982118607,discrete_gpu,NVIDIA,,,NO_HAIR,51a3388a126ea8d9d02b357f60da313e-driver-2559295488,921600,0,1280x720,8
1.4.341,coverage,0.0710000023245811,7,0.000999987125396729,0.158000007271767,NVIDIA GeForce RTX 5090,0.170000001788139,discrete_gpu,NVIDIA,,0.0810000076889992,CARD_CONTROL,51a3388a126ea8d9d02b357f60da313e-driver-2559295488,921600,0,1280x720,8
1.4.341,coverage,0.0729999989271164,7,0.00100000202655792,0.162000000476837,NVIDIA GeForce RTX 5090,0.167999997735024,discrete_gpu,NVIDIA,0.0039999932050705,0.0850000008940697,ALU_PROBE_96,51a3388a126ea8d9d02b357f60da313e-driver-2559295488,921600,0,1280x720,8
1.4.341,coverage,0.0769999995827675,7,0.00100000202655792,0.222000002861023,NVIDIA GeForce RTX 5090,0.23199999332428,discrete_gpu,NVIDIA,0.0639999955892563,0.145000003278255,LUT_PROBE_16,51a3388a126ea8d9d02b357f60da313e-driver-2559295488,921600,0,1280x720,8
1.4.341,coverage,0.0689999982714653,7,0.00100000202655792,0.185000002384186,NVIDIA GeForce RTX 5090,0.19200000166893,discrete_gpu,NVIDIA,0.0269999951124191,0.108000002801418,APPROX_KAJIYA_KAY,51a3388a126ea8d9d02b357f60da313e-driver-2559295488,921600,0,1280x720,8
1.4.341,coverage,0.0719999969005585,7,0.00100000202655792,0.200000002980232,NVIDIA GeForce RTX 5090,0.209999993443489,discrete_gpu,NVIDIA,0.0419999957084656,0.123000003397465,FAST_MARSCHNER,51a3388a126ea8d9d02b357f60da313e-driver-2559295488,921600,0,1280x720,8
1.4.341,coverage,0.0769999995827675,7,0.00100001692771912,0.261999994516373,NVIDIA GeForce RTX 5090,0.279000014066696,discrete_gpu,NVIDIA,0.103999987244606,0.184999994933605,CINEMATIC_MARSCHNER,51a3388a126ea8d9d02b357f60da313e-driver-2559295488,921600,0,1280x720,8
1.4.341,coverage,0.0769999995827675,7,0.00100000202655792,0.230000004172325,NVIDIA GeForce RTX 5090,0.24099999666214,discrete_gpu,NVIDIA,0.0719999969005585,0.153000004589558,REFERENCE_MARSCHNER,51a3388a126ea8d9d02b357f60da313e-driver-2559295488,921600,0,1280x720,8
1.4.341,coverage,0.0649999976158142,7,0.00100000202655792,0.0769999995827675,NVIDIA GeForce RTX 5090,0.0829999968409538,discrete_gpu,NVIDIA,,,NO_HAIR,51a3388a126ea8d9d02b357f60da313e-driver-2559295488,921600,1,1280x720,8
1.4.341,coverage,0.0759999975562096,7,0.000999987125396729,0.158999994397163,NVIDIA GeForce RTX 5090,0.165999993681908,discrete_gpu,NVIDIA,,0.0819999948143959,CARD_CONTROL,51a3388a126ea8d9d02b357f60da313e-driver-2559295488,921600,1,1280x720,8
1.4.341,coverage,0.0769999995827675,7,0.00100000202655792,0.162000000476837,NVIDIA GeForce RTX 5090,0.168999999761581,discrete_gpu,NVIDIA,0.00300000607967377,0.0850000008940697,ALU_PROBE_96,51a3388a126ea8d9d02b357f60da313e-driver-2559295488,921600,1,1280x720,8
1.4.341,coverage,0.0769999995827675,7,0.00100000202655792,0.223000004887581,NVIDIA GeForce RTX 5090,0.232999995350838,discrete_gpu,NVIDIA,0.0640000104904175,0.146000005304813,LUT_PROBE_16,51a3388a126ea8d9d02b357f60da313e-driver-2559295488,921600,1,1280x720,8
1.4.341,coverage,0.0769999995827675,7,0.00199997425079346,0.263000011444092,NVIDIA GeForce RTX 5090,0.289000004529953,discrete_gpu,NVIDIA,0.104000017046928,0.186000011861324,CINEMATIC_MARSCHNER,51a3388a126ea8d9d02b357f60da313e-driver-2559295488,921600,1,1280x720,8
1.4.341,coverage,0.0759999975562096,7,0.00100000202655792,0.200000002980232,NVIDIA GeForce RTX 5090,0.208000004291534,discrete_gpu,NVIDIA,0.0410000085830688,0.123000003397465,FAST_MARSCHNER,51a3388a126ea8d9d02b357f60da313e-driver-2559295488,921600,1,1280x720,8
1.4.341,coverage,0.0759999975562096,7,0.00100000202655792,0.185000002384186,NVIDIA GeForce RTX 5090,0.193000003695488,discrete_gpu,NVIDIA,0.0260000079870224,0.108000002801418,APPROX_KAJIYA_KAY,51a3388a126ea8d9d02b357f60da313e-driver-2559295488,921600,1,1280x720,8
1.4.341,coverage,0.0759999975562096,7,0.00100000202655792,0.230000004172325,NVIDIA GeForce RTX 5090,0.238000005483627,discrete_gpu,NVIDIA,0.0710000097751617,0.153000004589558,REFERENCE_MARSCHNER,51a3388a126ea8d9d02b357f60da313e-driver-2559295488,921600,1,1280x720,8
1.4.341,coverage,0.0710000023245811,7,0.00100000202655792,0.0769999995827675,NVIDIA GeForce RTX 5090,0.0829999968409538,discrete_gpu,NVIDIA,,,NO_HAIR,51a3388a126ea8d9d02b357f60da313e-driver-2559295488,921600,2,1280x720,8
1.4.341,coverage,0.0769999995827675,7,0.000999987125396729,0.158999994397163,NVIDIA GeForce RTX 5090,0.166999995708466,discrete_gpu,NVIDIA,,0.0819999948143959,CARD_CONTROL,51a3388a126ea8d9d02b357f60da313e-driver-2559295488,921600,2,1280x720,8
1.4.341,coverage,0.0780000016093254,7,0.00100000202655792,0.163000002503395,NVIDIA GeForce RTX 5090,0.171000003814697,discrete_gpu,NVIDIA,0.00400000810623169,0.0860000029206276,ALU_PROBE_96,51a3388a126ea8d9d02b357f60da313e-driver-2559295488,921600,2,1280x720,8
1.4.341,coverage,0.0780000016093254,7,0.00100000202655792,0.222000002861023,NVIDIA GeForce RTX 5090,0.241999998688698,discrete_gpu,NVIDIA,0.0630000084638596,0.145000003278255,LUT_PROBE_16,51a3388a126ea8d9d02b357f60da313e-driver-2559295488,921600,2,1280x720,8
1.4.341,coverage,0.0799999982118607,7,0.00199997425079346,0.263000011444092,NVIDIA GeForce RTX 5090,0.479999989271164,discrete_gpu,NVIDIA,0.104000017046928,0.186000011861324,CINEMATIC_MARSCHNER,51a3388a126ea8d9d02b357f60da313e-driver-2559295488,921600,2,1280x720,8
1.4.341,coverage,0.0780000016093254,7,0.00100000202655792,0.231000006198883,NVIDIA GeForce RTX 5090,0.238999992609024,discrete_gpu,NVIDIA,0.0720000118017197,0.154000006616116,REFERENCE_MARSCHNER,51a3388a126ea8d9d02b357f60da313e-driver-2559295488,921600,2,1280x720,8
1.4.341,coverage,0.0780000016093254,7,0.00100000202655792,0.185000002384186,NVIDIA GeForce RTX 5090,0.199000000953674,discrete_gpu,NVIDIA,0.0260000079870224,0.108000002801418,APPROX_KAJIYA_KAY,51a3388a126ea8d9d02b357f60da313e-driver-2559295488,921600,2,1280x720,8
1.4.341,coverage,0.0780000016093254,7,0.00100000202655792,0.200000002980232,NVIDIA GeForce RTX 5090,0.209000006318092,discrete_gpu,NVIDIA,0.0410000085830688,0.123000003397465,FAST_MARSCHNER,51a3388a126ea8d9d02b357f60da313e-driver-2559295488,921600,2,1280x720,8
1.4.341,coverage,0.0710000023245811,7,0.00100000202655792,0.0769999995827675,NVIDIA GeForce RTX 5090,0.0790000036358833,discrete_gpu,NVIDIA,,,NO_HAIR,51a3388a126ea8d9d02b357f60da313e-driver-2559295488,921600,3,1280x720,8
1.4.341,coverage,0.0769999995827675,7,0.00100000202655792,0.158999994397163,NVIDIA GeForce RTX 5090,0.172000005841255,discrete_gpu,NVIDIA,,0.0819999948143959,CARD_CONTROL,51a3388a126ea8d9d02b357f60da313e-driver-2559295488,921600,3,1280x720,8
1.4.341,coverage,0.0769999995827675,7,0.00100000202655792,0.162000000476837,NVIDIA GeForce RTX 5090,0.167999997735024,discrete_gpu,NVIDIA,0.00300000607967377,0.0850000008940697,ALU_PROBE_96,51a3388a126ea8d9d02b357f60da313e-driver-2559295488,921600,3,1280x720,8
1.4.341,coverage,0.0780000016093254,7,0.00100000202655792,0.222000002861023,NVIDIA GeForce RTX 5090,0.230000004172325,discrete_gpu,NVIDIA,0.0630000084638596,0.145000003278255,LUT_PROBE_16,51a3388a126ea8d9d02b357f60da313e-driver-2559295488,921600,3,1280x720,8
1.4.341,coverage,0.0769999995827675,7,0.00100000202655792,0.185000002384186,NVIDIA GeForce RTX 5090,0.187999993562698,discrete_gpu,NVIDIA,0.0260000079870224,0.108000002801418,APPROX_KAJIYA_KAY,51a3388a126ea8d9d02b357f60da313e-driver-2559295488,921600,3,1280x720,8
1.4.341,coverage,0.0769999995827675,7,0.00100000202655792,0.230000004172325,NVIDIA GeForce RTX 5090,0.232999995350838,discrete_gpu,NVIDIA,0.0710000097751617,0.153000004589558,REFERENCE_MARSCHNER,51a3388a126ea8d9d02b357f60da313e-driver-2559295488,921600,3,1280x720,8
1.4.341,coverage,0.0790000036358833,7,0.00100001692771912,0.261999994516373,NVIDIA GeForce RTX 5090,0.282000005245209,discrete_gpu,NVIDIA,0.103000000119209,0.184999994933605,CINEMATIC_MARSCHNER,51a3388a126ea8d9d02b357f60da313e-driver-2559295488,921600,3,1280x720,8
1.4.341,coverage,0.0780000016093254,7,0.00100000202655792,0.200000002980232,NVIDIA GeForce RTX 5090,0.219999998807907,discrete_gpu,NVIDIA,0.0410000085830688,0.123000003397465,FAST_MARSCHNER,51a3388a126ea8d9d02b357f60da313e-driver-2559295488,921600,3,1280x720,8
1.4.341,coverage,0.0719999969005585,7,0.00100000202655792,0.0780000016093254,NVIDIA GeForce RTX 5090,0.0860000029206276,discrete_gpu,NVIDIA,,,NO_HAIR,51a3388a126ea8d9d02b357f60da313e-driver-2559295488,921600,4,1280x720,8
1.4.341,coverage,0.0759999975562096,7,0.000999987125396729,0.158999994397163,NVIDIA GeForce RTX 5090,0.170000001788139,discrete_gpu,NVIDIA,,0.080999992787838,CARD_CONTROL,51a3388a126ea8d9d02b357f60da313e-driver-2559295488,921600,4,1280x720,8
1.4.341,coverage,0.0769999995827675,7,0.00100000202655792,0.163000002503395,NVIDIA GeForce RTX 5090,0.174999997019768,discrete_gpu,NVIDIA,0.00400000810623169,0.0850000008940697,ALU_PROBE_96,51a3388a126ea8d9d02b357f60da313e-driver-2559295488,921600,4,1280x720,8
1.4.341,coverage,0.0790000036358833,7,0.00100000202655792,0.218999996781349,NVIDIA GeForce RTX 5090,0.238999992609024,discrete_gpu,NVIDIA,0.0600000023841858,0.140999995172024,LUT_PROBE_16,51a3388a126ea8d9d02b357f60da313e-driver-2559295488,921600,4,1280x720,8
1.4.341,coverage,0.0780000016093254,7,0.00100000202655792,0.185000002384186,NVIDIA GeForce RTX 5090,0.200000002980232,discrete_gpu,NVIDIA,0.0260000079870224,0.10700000077486,APPROX_KAJIYA_KAY,51a3388a126ea8d9d02b357f60da313e-driver-2559295488,921600,4,1280x720,8
1.4.341,coverage,0.0780000016093254,7,0.00100000202655792,0.20100000500679,NVIDIA GeForce RTX 5090,0.215000003576279,discrete_gpu,NVIDIA,0.0420000106096268,0.123000003397465,FAST_MARSCHNER,51a3388a126ea8d9d02b357f60da313e-driver-2559295488,921600,4,1280x720,8
1.4.341,coverage,0.0799999982118607,7,0.00100001692771912,0.261999994516373,NVIDIA GeForce RTX 5090,0.277999997138977,discrete_gpu,NVIDIA,0.103000000119209,0.183999992907047,CINEMATIC_MARSCHNER,51a3388a126ea8d9d02b357f60da313e-driver-2559295488,921600,4,1280x720,8
1.4.341,coverage,0.0799999982118607,7,0.00100000202655792,0.229000002145767,NVIDIA GeForce RTX 5090,0.243000000715256,discrete_gpu,NVIDIA,0.0700000077486038,0.151000000536442,REFERENCE_MARSCHNER,51a3388a126ea8d9d02b357f60da313e-driver-2559295488,921600,4,1280x720,8
1.4.341,cards,0.0640000030398369,0,0.0,0.0790000036358833,NVIDIA GeForce RTX 5090,0.0930000022053719,discrete_gpu,NVIDIA,,,NO_HAIR,51a3388a126ea8d9d02b357f60da313e-driver-2559295488,2073600,0,1920x1080,1
1.4.341,cards,0.0759999975562096,0,0.000999987125396729,0.187000006437302,NVIDIA GeForce RTX 5090,0.199000000953674,discrete_gpu,NVIDIA,,0.108000002801418,CARD_CONTROL,51a3388a126ea8d9d02b357f60da313e-driver-2559295488,2073600,0,1920x1080,1
1.4.341,cards,0.0759999975562096,0,0.00100000202655792,0.189999997615814,NVIDIA GeForce RTX 5090,0.202999994158745,discrete_gpu,NVIDIA,0.00299999117851257,0.110999993979931,ALU_PROBE_96,51a3388a126ea8d9d02b357f60da313e-driver-2559295488,2073600,0,1920x1080,1
1.4.341,cards,0.0759999975562096,0,0.00100000202655792,0.222000002861023,NVIDIA GeForce RTX 5090,0.237000003457069,discrete_gpu,NVIDIA,0.0349999964237213,0.14299999922514,LUT_PROBE_16,51a3388a126ea8d9d02b357f60da313e-driver-2559295488,2073600,0,1920x1080,1
1.4.341,cards,0.0759999975562096,0,0.00100000202655792,0.190999999642372,NVIDIA GeForce RTX 5090,0.202999994158745,discrete_gpu,NVIDIA,0.0039999932050705,0.111999996006489,APPROX_KAJIYA_KAY,51a3388a126ea8d9d02b357f60da313e-driver-2559295488,2073600,0,1920x1080,1
1.4.341,cards,0.0750000029802322,0,0.00100000202655792,0.19200000166893,NVIDIA GeForce RTX 5090,0.206000000238419,discrete_gpu,NVIDIA,0.00499999523162842,0.112999998033047,FAST_MARSCHNER,51a3388a126ea8d9d02b357f60da313e-driver-2559295488,2073600,0,1920x1080,1
1.4.341,cards,0.0750000029802322,0,0.00100000202655792,0.193000003695488,NVIDIA GeForce RTX 5090,0.207000002264977,discrete_gpu,NVIDIA,0.00599999725818634,0.114000000059605,CINEMATIC_MARSCHNER,51a3388a126ea8d9d02b357f60da313e-driver-2559295488,2073600,0,1920x1080,1
1.4.341,cards,0.0750000029802322,0,0.00100000202655792,0.196999996900558,NVIDIA GeForce RTX 5090,0.210999995470047,discrete_gpu,NVIDIA,0.00999999046325684,0.117999993264675,REFERENCE_MARSCHNER,51a3388a126ea8d9d02b357f60da313e-driver-2559295488,2073600,0,1920x1080,1
1.4.341,cards,0.0670000016689301,0,0.000999994575977325,0.0790000036358833,NVIDIA GeForce RTX 5090,0.0869999974966049,discrete_gpu,NVIDIA,,,NO_HAIR,51a3388a126ea8d9d02b357f60da313e-driver-2559295488,2073600,1,1920x1080,1
1.4.341,cards,0.0750000029802322,0,0.00100000202655792,0.187000006437302,NVIDIA GeForce RTX 5090,0.202000007033348,discrete_gpu,NVIDIA,,0.108000002801418,CARD_CONTROL,51a3388a126ea8d9d02b357f60da313e-driver-2559295488,2073600,1,1920x1080,1
1.4.341,cards,0.0750000029802322,0,0.00100000202655792,0.189999997615814,NVIDIA GeForce RTX 5090,0.202000007033348,discrete_gpu,NVIDIA,0.00299999117851257,0.110999993979931,ALU_PROBE_96,51a3388a126ea8d9d02b357f60da313e-driver-2559295488,2073600,1,1920x1080,1
1.4.341,cards,0.0759999975562096,0,0.00200000405311584,0.223000004887581,NVIDIA GeForce RTX 5090,0.238000005483627,discrete_gpu,NVIDIA,0.0359999984502792,0.144000001251698,LUT_PROBE_16,51a3388a126ea8d9d02b357f60da313e-driver-2559295488,2073600,1,1920x1080,1
1.4.341,cards,0.0769999995827675,0,0.00100000202655792,0.19200000166893,NVIDIA GeForce RTX 5090,0.209000006318092,discrete_gpu,NVIDIA,0.00499999523162842,0.112999998033047,CINEMATIC_MARSCHNER,51a3388a126ea8d9d02b357f60da313e-driver-2559295488,2073600,1,1920x1080,1
1.4.341,cards,0.0790000036358833,0,0.00100000202655792,0.19200000166893,NVIDIA GeForce RTX 5090,0.209000006318092,discrete_gpu,NVIDIA,0.00499999523162842,0.112999998033047,FAST_MARSCHNER,51a3388a126ea8d9d02b357f60da313e-driver-2559295488,2073600,1,1920x1080,1
1.4.341,cards,0.0780000016093254,0,0.00100000202655792,0.190999999642372,NVIDIA GeForce RTX 5090,0.209999993443489,discrete_gpu,NVIDIA,0.0039999932050705,0.111999996006489,APPROX_KAJIYA_KAY,51a3388a126ea8d9d02b357f60da313e-driver-2559295488,2073600,1,1920x1080,1
1.4.341,cards,0.0790000036358833,0,0.00100000202655792,0.196999996900558,NVIDIA GeForce RTX 5090,0.211999997496605,discrete_gpu,NVIDIA,0.00999999046325684,0.117999993264675,REFERENCE_MARSCHNER,51a3388a126ea8d9d02b357f60da313e-driver-2559295488,2073600,1,1920x1080,1
1.4.341,cards,0.0820000022649765,0,0.000999994575977325,0.0790000036358833,NVIDIA GeForce RTX 5090,0.090999998152256,discrete_gpu,NVIDIA,,,NO_HAIR,51a3388a126ea8d9d02b357f60da313e-driver-2559295488,2073600,2,1920x1080,1
1.4.341,cards,0.0780000016093254,0,0.000999987125396729,0.187000006437302,NVIDIA GeForce RTX 5090,0.197999998927116,discrete_gpu,NVIDIA,,0.108000002801418,CARD_CONTROL,51a3388a126ea8d9d02b357f60da313e-driver-2559295488,2073600,2,1920x1080,1
1.4.341,cards,0.0769999995827675,0,0.00100000202655792,0.189999997615814,NVIDIA GeForce RTX 5090,0.202000007033348,discrete_gpu,NVIDIA,0.00299999117851257,0.110999993979931,ALU_PROBE_96,51a3388a126ea8d9d02b357f60da313e-driver-2559295488,2073600,2,1920x1080,1
1.4.341,cards,0.0759999975562096,0,0.00100000202655792,0.222000002861023,NVIDIA GeForce RTX 5090,0.239999994635582,discrete_gpu,NVIDIA,0.0349999964237213,0.14299999922514,LUT_PROBE_16,51a3388a126ea8d9d02b357f60da313e-driver-2559295488,2073600,2,1920x1080,1
1.4.341,cards,0.0780000016093254,0,0.00100000202655792,0.193000003695488,NVIDIA GeForce RTX 5090,0.206000000238419,discrete_gpu,NVIDIA,0.00599999725818634,0.114000000059605,CINEMATIC_MARSCHNER,51a3388a126ea8d9d02b357f60da313e-driver-2559295488,2073600,2,1920x1080,1
1.4.341,cards,0.0750000029802322,0,0.00100000202655792,0.196999996900558,NVIDIA GeForce RTX 5090,0.203999996185303,discrete_gpu,NVIDIA,0.00999999046325684,0.117999993264675,REFERENCE_MARSCHNER,51a3388a126ea8d9d02b357f60da313e-driver-2559295488,2073600,2,1920x1080,1
1.4.341,cards,0.0759999975562096,0,0.00100000202655792,0.190999999642372,NVIDIA GeForce RTX 5090,0.202999994158745,discrete_gpu,NVIDIA,0.0039999932050705,0.111999996006489,APPROX_KAJIYA_KAY,51a3388a126ea8d9d02b357f60da313e-driver-2559295488,2073600,2,1920x1080,1
1.4.341,cards,0.0759999975562096,0,0.00100000202655792,0.19200000166893,NVIDIA GeForce RTX 5090,0.203999996185303,discrete_gpu,NVIDIA,0.00499999523162842,0.112999998033047,FAST_MARSCHNER,51a3388a126ea8d9d02b357f60da313e-driver-2559295488,2073600,2,1920x1080,1
1.4.341,cards,0.0659999996423721,0,0.000999994575977325,0.0790000036358833,NVIDIA GeForce RTX 5090,0.0879999995231628,discrete_gpu,NVIDIA,,,NO_HAIR,51a3388a126ea8d9d02b357f60da313e-driver-2559295488,2073600,3,1920x1080,1
1.4.341,cards,0.0780000016093254,0,0.000999987125396729,0.187000006437302,NVIDIA GeForce RTX 5090,0.202999994158745,discrete_gpu,NVIDIA,,0.108000002801418,CARD_CONTROL,51a3388a126ea8d9d02b357f60da313e-driver-2559295488,2073600,3,1920x1080,1
1.4.341,cards,0.0780000016093254,0,0.00100000202655792,0.189999997615814,NVIDIA GeForce RTX 5090,0.199000000953674,discrete_gpu,NVIDIA,0.00299999117851257,0.110999993979931,ALU_PROBE_96,51a3388a126ea8d9d02b357f60da313e-driver-2559295488,2073600,3,1920x1080,1
1.4.341,cards,0.0780000016093254,0,0.00200000405311584,0.222000002861023,NVIDIA GeForce RTX 5090,0.245000004768372,discrete_gpu,NVIDIA,0.0349999964237213,0.14299999922514,LUT_PROBE_16,51a3388a126ea8d9d02b357f60da313e-driver-2559295488,2073600,3,1920x1080,1
1.4.341,cards,0.0759999975562096,0,0.00100000202655792,0.190999999642372,NVIDIA GeForce RTX 5090,0.206000000238419,discrete_gpu,NVIDIA,0.0039999932050705,0.111999996006489,APPROX_KAJIYA_KAY,51a3388a126ea8d9d02b357f60da313e-driver-2559295488,2073600,3,1920x1080,1
1.4.341,cards,0.0769999995827675,0,0.00100000202655792,0.196999996900558,NVIDIA GeForce RTX 5090,0.204999998211861,discrete_gpu,NVIDIA,0.00999999046325684,0.117999993264675,REFERENCE_MARSCHNER,51a3388a126ea8d9d02b357f60da313e-driver-2559295488,2073600,3,1920x1080,1
1.4.341,cards,0.0759999975562096,0,0.00100000202655792,0.19200000166893,NVIDIA GeForce RTX 5090,0.202999994158745,discrete_gpu,NVIDIA,0.00499999523162842,0.112999998033047,CINEMATIC_MARSCHNER,51a3388a126ea8d9d02b357f60da313e-driver-2559295488,2073600,3,1920x1080,1
1.4.341,cards,0.0759999975562096,0,0.00100000202655792,0.19200000166893,NVIDIA GeForce RTX 5090,0.20100000500679,discrete_gpu,NVIDIA,0.00499999523162842,0.112999998033047,FAST_MARSCHNER,51a3388a126ea8d9d02b357f60da313e-driver-2559295488,2073600,3,1920x1080,1
1.4.341,cards,0.0729999989271164,0,0.000999994575977325,0.0790000036358833,NVIDIA GeForce RTX 5090,0.0860000029206276,discrete_gpu,NVIDIA,,,NO_HAIR,51a3388a126ea8d9d02b357f60da313e-driver-2559295488,2073600,4,1920x1080,1
1.4.341,cards,0.0750000029802322,0,0.000999987125396729,0.187000006437302,NVIDIA GeForce RTX 5090,0.199000000953674,discrete_gpu,NVIDIA,,0.108000002801418,CARD_CONTROL,51a3388a126ea8d9d02b357f60da313e-driver-2559295488,2073600,4,1920x1080,1
1.4.341,cards,0.0750000029802322,0,0.00100000202655792,0.189999997615814,NVIDIA GeForce RTX 5090,0.202000007033348,discrete_gpu,NVIDIA,0.00299999117851257,0.110999993979931,ALU_PROBE_96,51a3388a126ea8d9d02b357f60da313e-driver-2559295488,2073600,4,1920x1080,1
1.4.341,cards,0.0759999975562096,0,0.00199998915195465,0.223000004887581,NVIDIA GeForce RTX 5090,0.238999992609024,discrete_gpu,NVIDIA,0.0359999984502792,0.144000001251698,LUT_PROBE_16,51a3388a126ea8d9d02b357f60da313e-driver-2559295488,2073600,4,1920x1080,1
1.4.341,cards,0.0759999975562096,0,0.00100000202655792,0.190999999642372,NVIDIA GeForce RTX 5090,0.203999996185303,discrete_gpu,NVIDIA,0.0039999932050705,0.111999996006489,APPROX_KAJIYA_KAY,51a3388a126ea8d9d02b357f60da313e-driver-2559295488,2073600,4,1920x1080,1
1.4.341,cards,0.0750000029802322,0,0.00100000202655792,0.193000003695488,NVIDIA GeForce RTX 5090,0.206000000238419,discrete_gpu,NVIDIA,0.00599999725818634,0.114000000059605,FAST_MARSCHNER,51a3388a126ea8d9d02b357f60da313e-driver-2559295488,2073600,4,1920x1080,1
1.4.341,cards,0.0769999995827675,0,0.00100000202655792,0.193000003695488,NVIDIA GeForce RTX 5090,0.208000004291534,discrete_gpu,NVIDIA,0.00599999725818634,0.114000000059605,CINEMATIC_MARSCHNER,51a3388a126ea8d9d02b357f60da313e-driver-2559295488,2073600,4,1920x1080,1
1.4.341,cards,0.0759999975562096,0,0.00100000202655792,0.196999996900558,NVIDIA GeForce RTX 5090,0.208000004291534,discrete_gpu,NVIDIA,0.00999999046325684,0.117999993264675,REFERENCE_MARSCHNER,51a3388a126ea8d9d02b357f60da313e-driver-2559295488,2073600,4,1920x1080,1
1.4.341,cards,0.0740000009536743,3,0.00100000202655792,0.0839999988675117,NVIDIA GeForce RTX 5090,0.100000001490116,discrete_gpu,NVIDIA,,,NO_HAIR,51a3388a126ea8d9d02b357f60da313e-driver-2559295488,2073600,0,1920x1080,4
1.4.341,cards,0.0759999975562096,3,0.00100000202655792,0.188999995589256,NVIDIA GeForce RTX 5090,0.206000000238419,discrete_gpu,NVIDIA,,0.104999996721745,CARD_CONTROL,51a3388a126ea8d9d02b357f60da313e-driver-2559295488,2073600,0,1920x1080,4
1.4.341,cards,0.0759999975562096,3,0.00100000202655792,0.19200000166893,NVIDIA GeForce RTX 5090,0.209000006318092,discrete_gpu,NVIDIA,0.00300000607967377,0.108000002801418,ALU_PROBE_96,51a3388a126ea8d9d02b357f60da313e-driver-2559295488,2073600,0,1920x1080,4
1.4.341,cards,0.0790000036358833,3,0.00199998915195465,0.224000006914139,NVIDIA GeForce RTX 5090,0.238000005483627,discrete_gpu,NVIDIA,0.0350000113248825,0.140000008046627,LUT_PROBE_16,51a3388a126ea8d9d02b357f60da313e-driver-2559295488,2073600,0,1920x1080,4
1.4.341,cards,0.0790000036358833,3,0.000999987125396729,0.194999992847443,NVIDIA GeForce RTX 5090,0.209000006318092,discrete_gpu,NVIDIA,0.00599999725818634,0.110999993979931,APPROX_KAJIYA_KAY,51a3388a126ea8d9d02b357f60da313e-driver-2559295488,2073600,0,1920x1080,4
1.4.341,cards,0.0759999975562096,3,0.00100000202655792,0.197999998927116,NVIDIA GeForce RTX 5090,0.215000003576279,discrete_gpu,NVIDIA,0.00900000333786011,0.114000000059605,FAST_MARSCHNER,51a3388a126ea8d9d02b357f60da313e-driver-2559295488,2073600,0,1920x1080,4
1.4.341,cards,0.0790000036358833,3,0.00100000202655792,0.229000002145767,NVIDIA GeForce RTX 5090,0.246999993920326,discrete_gpu,NVIDIA,0.0400000065565109,0.145000003278255,CINEMATIC_MARSCHNER,51a3388a126ea8d9d02b357f60da313e-driver-2559295488,2073600,0,1920x1080,4
1.4.341,cards,0.0769999995827675,3,0.00100000202655792,0.203999996185303,NVIDIA GeForce RTX 5090,0.217999994754791,discrete_gpu,NVIDIA,0.0150000005960464,0.119999997317791,REFERENCE_MARSCHNER,51a3388a126ea8d9d02b357f60da313e-driver-2559295488,2073600,0,1920x1080,4
1.4.341,cards,0.0740000009536743,3,0.0,0.0839999988675117,NVIDIA GeForce RTX 5090,0.0920000001788139,discrete_gpu,NVIDIA,,,NO_HAIR,51a3388a126ea8d9d02b357f60da313e-driver-2559295488,2073600,1,1920x1080,4
1.4.341,cards,0.0750000029802322,3,0.00100000202655792,0.188999995589256,NVIDIA GeForce RTX 5090,0.202000007033348,discrete_gpu,NVIDIA,,0.104999996721745,CARD_CONTROL,51a3388a126ea8d9d02b357f60da313e-driver-2559295488,2073600,1,1920x1080,4
1.4.341,cards,0.0750000029802322,3,0.00100000202655792,0.19200000166893,NVIDIA GeForce RTX 5090,0.206000000238419,discrete_gpu,NVIDIA,0.00300000607967377,0.108000002801418,ALU_PROBE_96,51a3388a126ea8d9d02b357f60da313e-driver-2559295488,2073600,1,1920x1080,4
1.4.341,cards,0.0780000016093254,3,0.00100000202655792,0.224000006914139,NVIDIA GeForce RTX 5090,0.238000005483627,discrete_gpu,NVIDIA,0.0350000113248825,0.140000008046627,LUT_PROBE_16,51a3388a126ea8d9d02b357f60da313e-driver-2559295488,2073600,1,1920x1080,4
1.4.341,cards,0.0790000036358833,3,0.00100000202655792,0.229000002145767,NVIDIA GeForce RTX 5090,0.246999993920326,discrete_gpu,NVIDIA,0.0400000065565109,0.145000003278255,CINEMATIC_MARSCHNER,51a3388a126ea8d9d02b357f60da313e-driver-2559295488,2073600,1,1920x1080,4
1.4.341,cards,0.0780000016093254,3,0.00100000202655792,0.197999998927116,NVIDIA GeForce RTX 5090,0.211999997496605,discrete_gpu,NVIDIA,0.00900000333786011,0.114000000059605,FAST_MARSCHNER,51a3388a126ea8d9d02b357f60da313e-driver-2559295488,2073600,1,1920x1080,4
1.4.341,cards,0.0780000016093254,3,0.000999987125396729,0.194999992847443,NVIDIA GeForce RTX 5090,0.210999995470047,discrete_gpu,NVIDIA,0.00599999725818634,0.110999993979931,APPROX_KAJIYA_KAY,51a3388a126ea8d9d02b357f60da313e-driver-2559295488,2073600,1,1920x1080,4
1.4.341,cards,0.0790000036358833,3,0.00100000202655792,0.203999996185303,NVIDIA GeForce RTX 5090,0.216000005602837,discrete_gpu,NVIDIA,0.0150000005960464,0.119999997317791,REFERENCE_MARSCHNER,51a3388a126ea8d9d02b357f60da313e-driver-2559295488,2073600,1,1920x1080,4
1.4.341,cards,0.0659999996423721,3,0.0,0.0839999988675117,NVIDIA GeForce RTX 5090,0.090999998152256,discrete_gpu,NVIDIA,,,NO_HAIR,51a3388a126ea8d9d02b357f60da313e-driver-2559295488,2073600,2,1920x1080,4
1.4.341,cards,0.0729999989271164,3,0.00100000202655792,0.188999995589256,NVIDIA GeForce RTX 5090,0.200000002980232,discrete_gpu,NVIDIA,,0.104999996721745,CARD_CONTROL,51a3388a126ea8d9d02b357f60da313e-driver-2559295488,2073600,2,1920x1080,4
1.4.341,cards,0.0750000029802322,3,0.00100000202655792,0.19200000166893,NVIDIA GeForce RTX 5090,0.202000007033348,discrete_gpu,NVIDIA,0.00300000607967377,0.108000002801418,ALU_PROBE_96,51a3388a126ea8d9d02b357f60da313e-driver-2559295488,2073600,2,1920x1080,4
1.4.341,cards,0.0759999975562096,3,0.00100000202655792,0.224999994039536,NVIDIA GeForce RTX 5090,0.237000003457069,discrete_gpu,NVIDIA,0.0359999984502792,0.140999995172024,LUT_PROBE_16,51a3388a126ea8d9d02b357f60da313e-driver-2559295488,2073600,2,1920x1080,4
1.4.341,cards,0.0759999975562096,3,0.00100000202655792,0.229000002145767,NVIDIA GeForce RTX 5090,0.238000005483627,discrete_gpu,NVIDIA,0.0400000065565109,0.145000003278255,CINEMATIC_MARSCHNER,51a3388a126ea8d9d02b357f60da313e-driver-2559295488,2073600,2,1920x1080,4
1.4.341,cards,0.0759999975562096,3,0.000999987125396729,0.202999994158745,NVIDIA GeForce RTX 5090,0.211999997496605,discrete_gpu,NVIDIA,0.0139999985694885,0.118999995291233,REFERENCE_MARSCHNER,51a3388a126ea8d9d02b357f60da313e-driver-2559295488,2073600,2,1920x1080,4
1.4.341,cards,0.0750000029802322,3,0.000999987125396729,0.194999992847443,NVIDIA GeForce RTX 5090,0.202999994158745,discrete_gpu,NVIDIA,0.00599999725818634,0.110999993979931,APPROX_KAJIYA_KAY,51a3388a126ea8d9d02b357f60da313e-driver-2559295488,2073600,2,1920x1080,4
1.4.341,cards,0.0750000029802322,3,0.00100000202655792,0.197999998927116,NVIDIA GeForce RTX 5090,0.209000006318092,discrete_gpu,NVIDIA,0.00900000333786011,0.114000000059605,FAST_MARSCHNER,51a3388a126ea8d9d02b357f60da313e-driver-2559295488,2073600,2,1920x1080,4
1.4.341,cards,0.0879999995231628,3,0.00100000202655792,0.0850000008940697,NVIDIA GeForce RTX 5090,0.101000003516674,discrete_gpu,NVIDIA,,,NO_HAIR,51a3388a126ea8d9d02b357f60da313e-driver-2559295488,2073600,3,1920x1080,4
1.4.341,cards,0.0970000028610229,3,0.00100000202655792,0.188999995589256,NVIDIA GeForce RTX 5090,0.214000001549721,discrete_gpu,NVIDIA,,0.103999994695187,CARD_CONTROL,51a3388a126ea8d9d02b357f60da313e-driver-2559295488,2073600,3,1920x1080,4
1.4.341,cards,0.10700000077486,3,0.00100000202655792,0.19200000166893,NVIDIA GeForce RTX 5090,0.209999993443489,discrete_gpu,NVIDIA,0.00300000607967377,0.10700000077486,ALU_PROBE_96,51a3388a126ea8d9d02b357f60da313e-driver-2559295488,2073600,3,1920x1080,4
1.4.341,cards,0.11599999666214,3,0.00200000405311584,0.225999996066093,NVIDIA GeForce RTX 5090,0.248999997973442,discrete_gpu,NVIDIA,0.0370000004768372,0.140999995172024,LUT_PROBE_16,51a3388a126ea8d9d02b357f60da313e-driver-2559295488,2073600,3,1920x1080,4
1.4.341,cards,0.0939999967813492,3,0.00100000202655792,0.195999994874001,NVIDIA GeForce RTX 5090,0.215000003576279,discrete_gpu,NVIDIA,0.00699999928474426,0.110999993979931,APPROX_KAJIYA_KAY,51a3388a126ea8d9d02b357f60da313e-driver-2559295488,2073600,3,1920x1080,4
1.4.341,cards,0.0820000022649765,3,0.00100000202655792,0.203999996185303,NVIDIA GeForce RTX 5090,0.216999992728233,discrete_gpu,NVIDIA,0.0150000005960464,0.118999995291233,REFERENCE_MARSCHNER,51a3388a126ea8d9d02b357f60da313e-driver-2559295488,2073600,3,1920x1080,4
1.4.341,cards,0.0780000016093254,3,0.00100000202655792,0.229000002145767,NVIDIA GeForce RTX 5090,0.24600000679493,discrete_gpu,NVIDIA,0.0400000065565109,0.144000001251698,CINEMATIC_MARSCHNER,51a3388a126ea8d9d02b357f60da313e-driver-2559295488,2073600,3,1920x1080,4
1.4.341,cards,0.0790000036358833,3,0.00100000202655792,0.197999998927116,NVIDIA GeForce RTX 5090,0.215000003576279,discrete_gpu,NVIDIA,0.00900000333786011,0.112999998033047,FAST_MARSCHNER,51a3388a126ea8d9d02b357f60da313e-driver-2559295488,2073600,3,1920x1080,4
1.4.341,cards,0.0820000022649765,3,0.00100000202655792,0.0850000008940697,NVIDIA GeForce RTX 5090,0.0989999994635582,discrete_gpu,NVIDIA,,,NO_HAIR,51a3388a126ea8d9d02b357f60da313e-driver-2559295488,2073600,4,1920x1080,4
1.4.341,cards,0.0820000022649765,3,0.00100000202655792,0.188999995589256,NVIDIA GeForce RTX 5090,0.210999995470047,discrete_gpu,NVIDIA,,0.103999994695187,CARD_CONTROL,51a3388a126ea8d9d02b357f60da313e-driver-2559295488,2073600,4,1920x1080,4
1.4.341,cards,0.0820000022649765,3,0.00100000202655792,0.19200000166893,NVIDIA GeForce RTX 5090,0.208000004291534,discrete_gpu,NVIDIA,0.00300000607967377,0.10700000077486,ALU_PROBE_96,51a3388a126ea8d9d02b357f60da313e-driver-2559295488,2073600,4,1920x1080,4
1.4.341,cards,0.0799999982118607,3,0.00199998915195465,0.224999994039536,NVIDIA GeForce RTX 5090,0.243000000715256,discrete_gpu,NVIDIA,0.0359999984502792,0.139999993145466,LUT_PROBE_16,51a3388a126ea8d9d02b357f60da313e-driver-2559295488,2073600,4,1920x1080,4
1.4.341,cards,0.0820000022649765,3,0.000999987125396729,0.194999992847443,NVIDIA GeForce RTX 5090,0.212999999523163,discrete_gpu,NVIDIA,0.00599999725818634,0.109999991953373,APPROX_KAJIYA_KAY,51a3388a126ea8d9d02b357f60da313e-driver-2559295488,2073600,4,1920x1080,4
1.4.341,cards,0.0790000036358833,3,0.00100000202655792,0.197999998927116,NVIDIA GeForce RTX 5090,0.224000006914139,discrete_gpu,NVIDIA,0.00900000333786011,0.112999998033047,FAST_MARSCHNER,51a3388a126ea8d9d02b357f60da313e-driver-2559295488,2073600,4,1920x1080,4
1.4.341,cards,0.0790000036358833,3,0.00100000202655792,0.229000002145767,NVIDIA GeForce RTX 5090,0.248999997973442,discrete_gpu,NVIDIA,0.0400000065565109,0.144000001251698,CINEMATIC_MARSCHNER,51a3388a126ea8d9d02b357f60da313e-driver-2559295488,2073600,4,1920x1080,4
1.4.341,cards,0.0790000036358833,3,0.00100000202655792,0.203999996185303,NVIDIA GeForce RTX 5090,0.222000002861023,discrete_gpu,NVIDIA,0.0150000005960464,0.118999995291233,REFERENCE_MARSCHNER,51a3388a126ea8d9d02b357f60da313e-driver-2559295488,2073600,4,1920x1080,4
1.4.341,cards,0.0820000022649765,7,0.00100000202655792,0.0930000022053719,NVIDIA GeForce RTX 5090,0.112000003457069,discrete_gpu,NVIDIA,,,NO_HAIR,51a3388a126ea8d9d02b357f60da313e-driver-2559295488,2073600,0,1920x1080,8
1.4.341,cards,0.0799999982118607,7,0.00100000202655792,0.190999999642372,NVIDIA GeForce RTX 5090,0.216000005602837,discrete_gpu,NVIDIA,,0.0979999974370003,CARD_CONTROL,51a3388a126ea8d9d02b357f60da313e-driver-2559295488,2073600,0,1920x1080,8
1.4.341,cards,0.0810000002384186,7,0.00100000202655792,0.194000005722046,NVIDIA GeForce RTX 5090,0.218999996781349,discrete_gpu,NVIDIA,0.00300000607967377,0.101000003516674,ALU_PROBE_96,51a3388a126ea8d9d02b357f60da313e-driver-2559295488,2073600,0,1920x1080,8
1.4.341,cards,0.0829999968409538,7,0.00200000405311584,0.226999998092651,NVIDIA GeForce RTX 5090,0.254999995231628,discrete_gpu,NVIDIA,0.0359999984502792,0.13399999588728,LUT_PROBE_16,51a3388a126ea8d9d02b357f60da313e-driver-2559295488,2073600,0,1920x1080,8
1.4.341,cards,0.0839999988675117,7,0.00100000202655792,0.209999993443489,NVIDIA GeForce RTX 5090,0.236000001430511,discrete_gpu,NVIDIA,0.0189999938011169,0.116999991238117,APPROX_KAJIYA_KAY,51a3388a126ea8d9d02b357f60da313e-driver-2559295488,2073600,0,1920x1080,8
1.4.341,cards,0.0829999968409538,7,0.00199998915195465,0.225999996066093,NVIDIA GeForce RTX 5090,0.247999995946884,discrete_gpu,NVIDIA,0.0349999964237213,0.132999993860722,FAST_MARSCHNER,51a3388a126ea8d9d02b357f60da313e-driver-2559295488,2073600,0,1920x1080,8
1.4.341,cards,0.0810000002384186,7,0.00200000405311584,0.282999992370605,NVIDIA GeForce RTX 5090,0.519999980926514,discrete_gpu,NVIDIA,0.0919999927282333,0.189999990165234,CINEMATIC_MARSCHNER,51a3388a126ea8d9d02b357f60da313e-driver-2559295488,2073600,0,1920x1080,8
1.4.341,cards,0.0799999982118607,7,0.00100000202655792,0.230000004172325,NVIDIA GeForce RTX 5090,0.252999991178513,discrete_gpu,NVIDIA,0.039000004529953,0.137000001966953,REFERENCE_MARSCHNER,51a3388a126ea8d9d02b357f60da313e-driver-2559295488,2073600,0,1920x1080,8
1.4.341,cards,0.0839999988675117,7,0.00100000202655792,0.0920000001788139,NVIDIA GeForce RTX 5090,0.112000003457069,discrete_gpu,NVIDIA,,,NO_HAIR,51a3388a126ea8d9d02b357f60da313e-driver-2559295488,2073600,1,1920x1080,8
1.4.341,cards,0.0799999982118607,7,0.00100000202655792,0.190999999642372,NVIDIA GeForce RTX 5090,0.211999997496605,discrete_gpu,NVIDIA,,0.0989999994635582,CARD_CONTROL,51a3388a126ea8d9d02b357f60da313e-driver-2559295488,2073600,1,1920x1080,8
1.4.341,cards,0.0829999968409538,7,0.00100000202655792,0.194000005722046,NVIDIA GeForce RTX 5090,0.215000003576279,discrete_gpu,NVIDIA,0.00300000607967377,0.102000005543232,ALU_PROBE_96,51a3388a126ea8d9d02b357f60da313e-driver-2559295488,2073600,1,1920x1080,8
1.4.341,cards,0.0799999982118607,7,0.00200000405311584,0.226999998092651,NVIDIA GeForce RTX 5090,0.252999991178513,discrete_gpu,NVIDIA,0.0359999984502792,0.134999997913837,LUT_PROBE_16,51a3388a126ea8d9d02b357f60da313e-driver-2559295488,2073600,1,1920x1080,8
1.4.341,cards,0.0790000036358833,7,0.00200000405311584,0.282999992370605,NVIDIA GeForce RTX 5090,0.310000002384186,discrete_gpu,NVIDIA,0.0919999927282333,0.190999992191792,CINEMATIC_MARSCHNER,51a3388a126ea8d9d02b357f60da313e-driver-2559295488,2073600,1,1920x1080,8
1.4.341,cards,0.0769999995827675,7,0.00100000202655792,0.224999994039536,NVIDIA GeForce RTX 5090,0.244000002741814,discrete_gpu,NVIDIA,0.0339999943971634,0.132999993860722,FAST_MARSCHNER,51a3388a126ea8d9d02b357f60da313e-driver-2559295488,2073600,1,1920x1080,8
1.4.341,cards,0.0810000002384186,7,0.00100000202655792,0.209000006318092,NVIDIA GeForce RTX 5090,0.236000001430511,discrete_gpu,NVIDIA,0.0180000066757202,0.117000006139278,APPROX_KAJIYA_KAY,51a3388a126ea8d9d02b357f60da313e-driver-2559295488,2073600,1,1920x1080,8
1.4.341,cards,0.0769999995827675,7,0.00100000202655792,0.231000006198883,NVIDIA GeForce RTX 5090,0.24600000679493,discrete_gpu,NVIDIA,0.0400000065565109,0.139000006020069,REFERENCE_MARSCHNER,51a3388a126ea8d9d02b357f60da313e-driver-2559295488,2073600,1,1920x1080,8
1.4.341,cards,0.0750000029802322,7,0.00100000202655792,0.0920000001788139,NVIDIA GeForce RTX 5090,0.100000001490116,discrete_gpu,NVIDIA,,,NO_HAIR,51a3388a126ea8d9d02b357f60da313e-driver-2559295488,2073600,2,1920x1080,8
1.4.341,cards,0.0769999995827675,7,0.00100000202655792,0.190999999642372,NVIDIA GeForce RTX 5090,0.206000000238419,discrete_gpu,NVIDIA,,0.0989999994635582,CARD_CONTROL,51a3388a126ea8d9d02b357f60da313e-driver-2559295488,2073600,2,1920x1080,8
1.4.341,cards,0.0780000016093254,7,0.000999987125396729,0.194000005722046,NVIDIA GeForce RTX 5090,0.209999993443489,discrete_gpu,NVIDIA,0.00300000607967377,0.102000005543232,ALU_PROBE_96,51a3388a126ea8d9d02b357f60da313e-driver-2559295488,2073600,2,1920x1080,8
1.4.341,cards,0.0780000016093254,7,0.00200000405311584,0.226999998092651,NVIDIA GeForce RTX 5090,0.246999993920326,discrete_gpu,NVIDIA,0.0359999984502792,0.134999997913837,LUT_PROBE_16,51a3388a126ea8d9d02b357f60da313e-driver-2559295488,2073600,2,1920x1080,8
1.4.341,cards,0.0780000016093254,7,0.00200000405311584,0.282000005245209,NVIDIA GeForce RTX 5090,0.300000011920929,discrete_gpu,NVIDIA,0.0910000056028366,0.190000005066395,CINEMATIC_MARSCHNER,51a3388a126ea8d9d02b357f60da313e-driver-2559295488,2073600,2,1920x1080,8
1.4.341,cards,0.0790000036358833,7,0.00199998915195465,0.231000006198883,NVIDIA GeForce RTX 5090,0.247999995946884,discrete_gpu,NVIDIA,0.0400000065565109,0.139000006020069,REFERENCE_MARSCHNER,51a3388a126ea8d9d02b357f60da313e-driver-2559295488,2073600,2,1920x1080,8
1.4.341,cards,0.0790000036358833,7,0.00100000202655792,0.209000006318092,NVIDIA GeForce RTX 5090,0.225999996066093,discrete_gpu,NVIDIA,0.0180000066757202,0.117000006139278,APPROX_KAJIYA_KAY,51a3388a126ea8d9d02b357f60da313e-driver-2559295488,2073600,2,1920x1080,8
1.4.341,cards,0.0810000002384186,7,0.00100000202655792,0.224999994039536,NVIDIA GeForce RTX 5090,0.245000004768372,discrete_gpu,NVIDIA,0.0339999943971634,0.132999993860722,FAST_MARSCHNER,51a3388a126ea8d9d02b357f60da313e-driver-2559295488,2073600,2,1920x1080,8
1.4.341,cards,0.0780000016093254,7,0.00100000202655792,0.0920000001788139,NVIDIA GeForce RTX 5090,0.109999999403954,discrete_gpu,NVIDIA,,,NO_HAIR,51a3388a126ea8d9d02b357f60da313e-driver-2559295488,2073600,3,1920x1080,8
1.4.341,cards,0.0790000036358833,7,0.00100000202655792,0.190999999642372,NVIDIA GeForce RTX 5090,0.209000006318092,discrete_gpu,NVIDIA,,0.0989999994635582,CARD_CONTROL,51a3388a126ea8d9d02b357f60da313e-driver-2559295488,2073600,3,1920x1080,8
1.4.341,cards,0.0810000002384186,7,0.00100000202655792,0.194000005722046,NVIDIA GeForce RTX 5090,0.214000001549721,discrete_gpu,NVIDIA,0.00300000607967377,0.102000005543232,ALU_PROBE_96,51a3388a126ea8d9d02b357f60da313e-driver-2559295488,2073600,3,1920x1080,8
1.4.341,cards,0.0839999988675117,7,0.00100000202655792,0.226999998092651,NVIDIA GeForce RTX 5090,0.247999995946884,discrete_gpu,NVIDIA,0.0359999984502792,0.134999997913837,LUT_PROBE_16,51a3388a126ea8d9d02b357f60da313e-driver-2559295488,2073600,3,1920x1080,8
1.4.341,cards,0.0850000008940697,7,0.00100000202655792,0.209999993443489,NVIDIA GeForce RTX 5090,0.236000001430511,discrete_gpu,NVIDIA,0.0189999938011169,0.117999993264675,APPROX_KAJIYA_KAY,51a3388a126ea8d9d02b357f60da313e-driver-2559295488,2073600,3,1920x1080,8
1.4.341,cards,0.0829999968409538,7,0.00199998915195465,0.231000006198883,NVIDIA GeForce RTX 5090,0.256000012159348,discrete_gpu,NVIDIA,0.0400000065565109,0.139000006020069,REFERENCE_MARSCHNER,51a3388a126ea8d9d02b357f60da313e-driver-2559295488,2073600,3,1920x1080,8
1.4.341,cards,0.0839999988675117,7,0.00200000405311584,0.282999992370605,NVIDIA GeForce RTX 5090,0.30799999833107,discrete_gpu,NVIDIA,0.0919999927282333,0.190999992191792,CINEMATIC_MARSCHNER,51a3388a126ea8d9d02b357f60da313e-driver-2559295488,2073600,3,1920x1080,8
1.4.341,cards,0.0839999988675117,7,0.00100000202655792,0.225999996066093,NVIDIA GeForce RTX 5090,0.248999997973442,discrete_gpu,NVIDIA,0.0349999964237213,0.13399999588728,FAST_MARSCHNER,51a3388a126ea8d9d02b357f60da313e-driver-2559295488,2073600,3,1920x1080,8
1.4.341,cards,0.0780000016093254,7,0.00100000202655792,0.0920000001788139,NVIDIA GeForce RTX 5090,0.109999999403954,discrete_gpu,NVIDIA,,,NO_HAIR,51a3388a126ea8d9d02b357f60da313e-driver-2559295488,2073600,4,1920x1080,8
1.4.341,cards,0.0820000022649765,7,0.00100000202655792,0.190999999642372,NVIDIA GeForce RTX 5090,0.209999993443489,discrete_gpu,NVIDIA,,0.0989999994635582,CARD_CONTROL,51a3388a126ea8d9d02b357f60da313e-driver-2559295488,2073600,4,1920x1080,8
1.4.341,cards,0.0799999982118607,7,0.00100000202655792,0.194000005722046,NVIDIA GeForce RTX 5090,0.221000000834465,discrete_gpu,NVIDIA,0.00300000607967377,0.102000005543232,ALU_PROBE_96,51a3388a126ea8d9d02b357f60da313e-driver-2559295488,2073600,4,1920x1080,8
1.4.341,cards,0.0829999968409538,7,0.00200000405311584,0.226999998092651,NVIDIA GeForce RTX 5090,0.426999986171722,discrete_gpu,NVIDIA,0.0359999984502792,0.134999997913837,LUT_PROBE_16,51a3388a126ea8d9d02b357f60da313e-driver-2559295488,2073600,4,1920x1080,8
1.4.341,cards,0.0839999988675117,7,0.00100000202655792,0.209000006318092,NVIDIA GeForce RTX 5090,0.229000002145767,discrete_gpu,NVIDIA,0.0180000066757202,0.117000006139278,APPROX_KAJIYA_KAY,51a3388a126ea8d9d02b357f60da313e-driver-2559295488,2073600,4,1920x1080,8
1.4.341,cards,0.0810000002384186,7,0.00100000202655792,0.224999994039536,NVIDIA GeForce RTX 5090,0.245000004768372,discrete_gpu,NVIDIA,0.0339999943971634,0.132999993860722,FAST_MARSCHNER,51a3388a126ea8d9d02b357f60da313e-driver-2559295488,2073600,4,1920x1080,8
1.4.341,cards,0.0790000036358833,7,0.00200000405311584,0.282999992370605,NVIDIA GeForce RTX 5090,0.522000014781952,discrete_gpu,NVIDIA,0.0919999927282333,0.190999992191792,CINEMATIC_MARSCHNER,51a3388a126ea8d9d02b357f60da313e-driver-2559295488,2073600,4,1920x1080,8
1.4.341,cards,0.0790000036358833,7,0.00100000202655792,0.230000004172325,NVIDIA GeForce RTX 5090,0.24600000679493,discrete_gpu,NVIDIA,0.039000004529953,0.138000003993511,REFERENCE_MARSCHNER,51a3388a126ea8d9d02b357f60da313e-driver-2559295488,2073600,4,1920x1080,8
1.4.341,coverage,0.0740000009536743,0,0.0,0.0790000036358833,NVIDIA GeForce RTX 5090,0.0829999968409538,discrete_gpu,NVIDIA,,,NO_HAIR,51a3388a126ea8d9d02b357f60da313e-driver-2559295488,2073600,0,1920x1080,1
1.4.341,coverage,0.0759999975562096,0,0.00100000202655792,0.197999998927116,NVIDIA GeForce RTX 5090,0.208000004291534,discrete_gpu,NVIDIA,,0.118999995291233,CARD_CONTROL,51a3388a126ea8d9d02b357f60da313e-driver-2559295488,2073600,0,1920x1080,1
1.4.341,coverage,0.0780000016093254,0,0.00100000202655792,0.216000005602837,NVIDIA GeForce RTX 5090,0.225999996066093,discrete_gpu,NVIDIA,0.0180000066757202,0.137000001966953,ALU_PROBE_96,51a3388a126ea8d9d02b357f60da313e-driver-2559295488,2073600,0,1920x1080,1
1.4.341,coverage,0.0780000016093254,0,0.00100001692771912,0.316000014543533,NVIDIA GeForce RTX 5090,0.528999984264374,discrete_gpu,NVIDIA,0.118000015616417,0.23700001090765,LUT_PROBE_16,51a3388a126ea8d9d02b357f60da313e-driver-2559295488,2073600,0,1920x1080,1
1.4.341,coverage,0.0790000036358833,0,0.00100000202655792,0.208000004291534,NVIDIA GeForce RTX 5090,0.224000006914139,discrete_gpu,NVIDIA,0.010000005364418,0.129000000655651,APPROX_KAJIYA_KAY,51a3388a126ea8d9d02b357f60da313e-driver-2559295488,2073600,0,1920x1080,1
1.4.341,coverage,0.0780000016093254,0,0.000999987125396729,0.224999994039536,NVIDIA GeForce RTX 5090,0.244000002741814,discrete_gpu,NVIDIA,0.0269999951124191,0.145999990403652,FAST_MARSCHNER,51a3388a126ea8d9d02b357f60da313e-driver-2559295488,2073600,0,1920x1080,1
1.4.341,coverage,0.0780000016093254,0,0.00100000202655792,0.234999999403954,NVIDIA GeForce RTX 5090,0.256000012159348,discrete_gpu,NVIDIA,0.0370000004768372,0.15599999576807,CINEMATIC_MARSCHNER,51a3388a126ea8d9d02b357f60da313e-driver-2559295488,2073600,0,1920x1080,1
1.4.341,coverage,0.0780000016093254,0,0.000999987125396729,0.252999991178513,NVIDIA GeForce RTX 5090,0.275000005960464,discrete_gpu,NVIDIA,0.0549999922513962,0.173999987542629,REFERENCE_MARSCHNER,51a3388a126ea8d9d02b357f60da313e-driver-2559295488,2073600,0,1920x1080,1
1.4.341,coverage,0.0689999982714653,0,0.0,0.0790000036358833,NVIDIA GeForce RTX 5090,0.0820000022649765,discrete_gpu,NVIDIA,,,NO_HAIR,51a3388a126ea8d9d02b357f60da313e-driver-2559295488,2073600,1,1920x1080,1
1.4.341,coverage,0.0759999975562096,0,0.00100000202655792,0.199000000953674,NVIDIA GeForce RTX 5090,0.209999993443489,discrete_gpu,NVIDIA,,0.119999997317791,CARD_CONTROL,51a3388a126ea8d9d02b357f60da313e-driver-2559295488,2073600,1,1920x1080,1
1.4.341,coverage,0.0780000016093254,0,0.00100000202655792,0.216000005602837,NVIDIA GeForce RTX 5090,0.228000000119209,discrete_gpu,NVIDIA,0.0170000046491623,0.137000001966953,ALU_PROBE_96,51a3388a126ea8d9d02b357f60da313e-driver-2559295488,2073600,1,1920x1080,1
1.4.341,coverage,0.0769999995827675,0,0.00100001692771912,0.316000014543533,NVIDIA GeForce RTX 5090,0.547999978065491,discrete_gpu,NVIDIA,0.117000013589859,0.23700001090765,LUT_PROBE_16,51a3388a126ea8d9d02b357f60da313e-driver-2559295488,2073600,1,1920x1080,1
1.4.341,coverage,0.0759999975562096,0,0.00100000202655792,0.233999997377396,NVIDIA GeForce RTX 5090,0.256000012159348,discrete_gpu,NVIDIA,0.0349999964237213,0.154999993741512,CINEMATIC_MARSCHNER,51a3388a126ea8d9d02b357f60da313e-driver-2559295488,2073600,1,1920x1080,1
1.4.341,coverage,0.0750000029802322,0,0.000999987125396729,0.224999994039536,NVIDIA GeForce RTX 5090,0.24600000679493,discrete_gpu,NVIDIA,0.0259999930858612,0.145999990403652,FAST_MARSCHNER,51a3388a126ea8d9d02b357f60da313e-driver-2559295488,2073600,1,1920x1080,1
1.4.341,coverage,0.0769999995827675,0,0.00100000202655792,0.208000004291534,NVIDIA GeForce RTX 5090,0.222000002861023,discrete_gpu,NVIDIA,0.00900000333786011,0.129000000655651,APPROX_KAJIYA_KAY,51a3388a126ea8d9d02b357f60da313e-driver-2559295488,2073600,1,1920x1080,1
1.4.341,coverage,0.0780000016093254,0,0.00100001692771912,0.254999995231628,NVIDIA GeForce RTX 5090,0.275000005960464,discrete_gpu,NVIDIA,0.0559999942779541,0.175999991595745,REFERENCE_MARSCHNER,51a3388a126ea8d9d02b357f60da313e-driver-2559295488,2073600,1,1920x1080,1
1.4.341,coverage,0.0850000008940697,0,0.00199999660253525,0.0799999982118607,NVIDIA GeForce RTX 5090,0.0970000028610229,discrete_gpu,NVIDIA,,,NO_HAIR,51a3388a126ea8d9d02b357f60da313e-driver-2559295488,2073600,2,1920x1080,1
1.4.341,coverage,0.0869999974966049,0,0.00200000405311584,0.199000000953674,NVIDIA GeForce RTX 5090,0.216000005602837,discrete_gpu,NVIDIA,,0.119000002741814,CARD_CONTROL,51a3388a126ea8d9d02b357f60da313e-driver-2559295488,2073600,2,1920x1080,1
1.4.341,coverage,0.0810000002384186,0,0.00400000810623169,0.219999998807907,NVIDIA GeForce RTX 5090,0.241999998688698,discrete_gpu,NVIDIA,0.0209999978542328,0.140000000596046,ALU_PROBE_96,51a3388a126ea8d9d02b357f60da313e-driver-2559295488,2073600,2,1920x1080,1
1.4.341,coverage,0.0810000002384186,0,0.00400000810623169,0.314000010490417,NVIDIA GeForce RTX 5090,0.53600001335144,discrete_gpu,NVIDIA,0.115000009536743,0.234000012278557,LUT_PROBE_16,51a3388a126ea8d9d02b357f60da313e-driver-2559295488,2073600,2,1920x1080,1
1.4.341,coverage,0.0790000036358833,0,0.00300000607967377,0.236000001430511,NVIDIA GeForce RTX 5090,0.261000007390976,discrete_gpu,NVIDIA,0.0370000004768372,0.156000003218651,CINEMATIC_MARSCHNER,51a3388a126ea8d9d02b357f60da313e-driver-2559295488,2073600,2,1920x1080,1
1.4.341,coverage,0.0780000016093254,0,0.00200000405311584,0.254999995231628,NVIDIA GeForce RTX 5090,0.280000001192093,discrete_gpu,NVIDIA,0.0559999942779541,0.174999997019768,REFERENCE_MARSCHNER,51a3388a126ea8d9d02b357f60da313e-driver-2559295488,2073600,2,1920x1080,1
1.4.341,coverage,0.0769999995827675,0,0.00200000405311584,0.209000006318092,NVIDIA GeForce RTX 5090,0.238999992609024,discrete_gpu,NVIDIA,0.010000005364418,0.129000008106232,APPROX_KAJIYA_KAY,51a3388a126ea8d9d02b357f60da313e-driver-2559295488,2073600,2,1920x1080,1
1.4.341,coverage,0.0759999975562096,0,0.00299999117851257,0.225999996066093,NVIDIA GeForce RTX 5090,0.246999993920326,discrete_gpu,NVIDIA,0.0269999951124191,0.145999997854233,FAST_MARSCHNER,51a3388a126ea8d9d02b357f60da313e-driver-2559295488,2073600,2,1920x1080,1
1.4.341,coverage,0.0759999975562096,0,0.000999994575977325,0.0790000036358833,NVIDIA GeForce RTX 5090,0.0869999974966049,discrete_gpu,NVIDIA,,,NO_HAIR,51a3388a126ea8d9d02b357f60da313e-driver-2559295488,2073600,3,1920x1080,1
1.4.341,coverage,0.0759999975562096,0,0.00100000202655792,0.197999998927116,NVIDIA GeForce RTX 5090,0.208000004291534,discrete_gpu,NVIDIA,,0.118999995291233,CARD_CONTROL,51a3388a126ea8d9d02b357f60da313e-driver-2559295488,2073600,3,1920x1080,1
1.4.341,coverage,0.0780000016093254,0,0.00100000202655792,0.216000005602837,NVIDIA GeForce RTX 5090,0.23199999332428,discrete_gpu,NVIDIA,0.0180000066757202,0.137000001966953,ALU_PROBE_96,51a3388a126ea8d9d02b357f60da313e-driver-2559295488,2073600,3,1920x1080,1
1.4.341,coverage,0.0790000036358833,0,0.00100001692771912,0.316000014543533,NVIDIA GeForce RTX 5090,0.547999978065491,discrete_gpu,NVIDIA,0.118000015616417,0.23700001090765,LUT_PROBE_16,51a3388a126ea8d9d02b357f60da313e-driver-2559295488,2073600,3,1920x1080,1
1.4.341,coverage,0.0769999995827675,0,0.00100000202655792,0.208000004291534,NVIDIA GeForce RTX 5090,0.229000002145767,discrete_gpu,NVIDIA,0.010000005364418,0.129000000655651,APPROX_KAJIYA_KAY,51a3388a126ea8d9d02b357f60da313e-driver-2559295488,2073600,3,1920x1080,1
1.4.341,coverage,0.0780000016093254,0,0.00100001692771912,0.254000008106232,NVIDIA GeForce RTX 5090,0.27700001001358,discrete_gpu,NVIDIA,0.0560000091791153,0.175000004470348,REFERENCE_MARSCHNER,51a3388a126ea8d9d02b357f60da313e-driver-2559295488,2073600,3,1920x1080,1
1.4.341,coverage,0.0780000016093254,0,0.00100000202655792,0.233999997377396,NVIDIA GeForce RTX 5090,0.254000008106232,discrete_gpu,NVIDIA,0.0359999984502792,0.154999993741512,CINEMATIC_MARSCHNER,51a3388a126ea8d9d02b357f60da313e-driver-2559295488,2073600,3,1920x1080,1
1.4.341,coverage,0.0769999995827675,0,0.00100000202655792,0.224000006914139,NVIDIA GeForce RTX 5090,0.238999992609024,discrete_gpu,NVIDIA,0.0260000079870224,0.145000003278255,FAST_MARSCHNER,51a3388a126ea8d9d02b357f60da313e-driver-2559295488,2073600,3,1920x1080,1
1.4.341,coverage,0.0710000023245811,0,0.0,0.0790000036358833,NVIDIA GeForce RTX 5090,0.0810000002384186,discrete_gpu,NVIDIA,,,NO_HAIR,51a3388a126ea8d9d02b357f60da313e-driver-2559295488,2073600,4,1920x1080,1
1.4.341,coverage,0.0769999995827675,0,0.00100000202655792,0.197999998927116,NVIDIA GeForce RTX 5090,0.207000002264977,discrete_gpu,NVIDIA,,0.118999995291233,CARD_CONTROL,51a3388a126ea8d9d02b357f60da313e-driver-2559295488,2073600,4,1920x1080,1
1.4.341,coverage,0.0759999975562096,0,0.00100000202655792,0.215000003576279,NVIDIA GeForce RTX 5090,0.225999996066093,discrete_gpu,NVIDIA,0.0170000046491623,0.135999999940395,ALU_PROBE_96,51a3388a126ea8d9d02b357f60da313e-driver-2559295488,2073600,4,1920x1080,1
1.4.341,coverage,0.0769999995827675,0,0.00200000405311584,0.316000014543533,NVIDIA GeForce RTX 5090,0.512000024318695,discrete_gpu,NVIDIA,0.118000015616417,0.23700001090765,LUT_PROBE_16,51a3388a126ea8d9d02b357f60da313e-driver-2559295488,2073600,4,1920x1080,1
1.4.341,coverage,0.0769999995827675,0,0.00100000202655792,0.208000004291534,NVIDIA GeForce RTX 5090,0.219999998807907,discrete_gpu,NVIDIA,0.010000005364418,0.129000000655651,APPROX_KAJIYA_KAY,51a3388a126ea8d9d02b357f60da313e-driver-2559295488,2073600,4,1920x1080,1
1.4.341,coverage,0.0759999975562096,0,0.00100000202655792,0.224000006914139,NVIDIA GeForce RTX 5090,0.238999992609024,discrete_gpu,NVIDIA,0.0260000079870224,0.145000003278255,FAST_MARSCHNER,51a3388a126ea8d9d02b357f60da313e-driver-2559295488,2073600,4,1920x1080,1
1.4.341,coverage,0.0759999975562096,0,0.00100000202655792,0.233999997377396,NVIDIA GeForce RTX 5090,0.246999993920326,discrete_gpu,NVIDIA,0.0359999984502792,0.154999993741512,CINEMATIC_MARSCHNER,51a3388a126ea8d9d02b357f60da313e-driver-2559295488,2073600,4,1920x1080,1
1.4.341,coverage,0.0799999982118607,0,0.000999987125396729,0.252999991178513,NVIDIA GeForce RTX 5090,0.479000002145767,discrete_gpu,NVIDIA,0.0549999922513962,0.173999987542629,REFERENCE_MARSCHNER,51a3388a126ea8d9d02b357f60da313e-driver-2559295488,2073600,4,1920x1080,1
1.4.341,coverage,0.0790000036358833,3,0.00100000202655792,0.0850000008940697,NVIDIA GeForce RTX 5090,0.096000000834465,discrete_gpu,NVIDIA,,,NO_HAIR,51a3388a126ea8d9d02b357f60da313e-driver-2559295488,2073600,0,1920x1080,4
1.4.341,coverage,0.0810000002384186,3,0.000999987125396729,0.202000007033348,NVIDIA GeForce RTX 5090,0.212999999523163,discrete_gpu,NVIDIA,,0.117000006139278,CARD_CONTROL,51a3388a126ea8d9d02b357f60da313e-driver-2559295488,2073600,0,1920x1080,4
1.4.341,coverage,0.0810000002384186,3,0.00100000202655792,0.219999998807907,NVIDIA GeForce RTX 5090,0.233999997377396,discrete_gpu,NVIDIA,0.017999991774559,0.134999997913837,ALU_PROBE_96,51a3388a126ea8d9d02b357f60da313e-driver-2559295488,2073600,0,1920x1080,4
1.4.341,coverage,0.0829999968409538,3,0.00200000405311584,0.319000005722046,NVIDIA GeForce RTX 5090,0.522000014781952,discrete_gpu,NVIDIA,0.116999998688698,0.234000004827976,LUT_PROBE_16,51a3388a126ea8d9d02b357f60da313e-driver-2559295488,2073600,0,1920x1080,4
1.4.341,coverage,0.0810000002384186,3,0.00100000202655792,0.234999999403954,NVIDIA GeForce RTX 5090,0.247999995946884,discrete_gpu,NVIDIA,0.0329999923706055,0.149999998509884,APPROX_KAJIYA_KAY,51a3388a126ea8d9d02b357f60da313e-driver-2559295488,2073600,0,1920x1080,4
1.4.341,coverage,0.0810000002384186,3,0.00100001692771912,0.250999987125397,NVIDIA GeForce RTX 5090,0.266000002622604,discrete_gpu,NVIDIA,0.0489999800920486,0.165999986231327,FAST_MARSCHNER,51a3388a126ea8d9d02b357f60da313e-driver-2559295488,2073600,0,1920x1080,4
1.4.341,coverage,0.0799999982118607,3,0.00100001692771912,0.312999993562698,NVIDIA GeForce RTX 5090,0.333999991416931,discrete_gpu,NVIDIA,0.11099998652935,0.227999992668629,CINEMATIC_MARSCHNER,51a3388a126ea8d9d02b357f60da313e-driver-2559295488,2073600,0,1920x1080,4
1.4.341,coverage,0.0769999995827675,3,0.00100001692771912,0.296000003814697,NVIDIA GeForce RTX 5090,0.317999988794327,discrete_gpu,NVIDIA,0.0939999967813492,0.211000002920628,REFERENCE_MARSCHNER,51a3388a126ea8d9d02b357f60da313e-driver-2559295488,2073600,0,1920x1080,4
1.4.341,coverage,0.0740000009536743,3,0.00100000202655792,0.0850000008940697,NVIDIA GeForce RTX 5090,0.0930000022053719,discrete_gpu,NVIDIA,,,NO_HAIR,51a3388a126ea8d9d02b357f60da313e-driver-2559295488,2073600,1,1920x1080,4
1.4.341,coverage,0.0769999995827675,3,0.00100000202655792,0.202000007033348,NVIDIA GeForce RTX 5090,0.219999998807907,discrete_gpu,NVIDIA,,0.117000006139278,CARD_CONTROL,51a3388a126ea8d9d02b357f60da313e-driver-2559295488,2073600,1,1920x1080,4
1.4.341,coverage,0.0799999982118607,3,0.00100000202655792,0.218999996781349,NVIDIA GeForce RTX 5090,0.24099999666214,discrete_gpu,NVIDIA,0.0169999897480011,0.13399999588728,ALU_PROBE_96,51a3388a126ea8d9d02b357f60da313e-driver-2559295488,2073600,1,1920x1080,4
1.4.341,coverage,0.0780000016093254,3,0.00200000405311584,0.314999997615814,NVIDIA GeForce RTX 5090,0.33899998664856,discrete_gpu,NVIDIA,0.112999990582466,0.229999996721745,LUT_PROBE_16,51a3388a126ea8d9d02b357f60da313e-driver-2559295488,2073600,1,1920x1080,4
1.4.341,coverage,0.0769999995827675,3,0.00100001692771912,0.312999993562698,NVIDIA GeForce RTX 5090,0.340000003576279,discrete_gpu,NVIDIA,0.11099998652935,0.227999992668629,CINEMATIC_MARSCHNER,51a3388a126ea8d9d02b357f60da313e-driver-2559295488,2073600,1,1920x1080,4
1.4.341,coverage,0.0759999975562096,3,0.000999987125396729,0.25,NVIDIA GeForce RTX 5090,0.275999993085861,discrete_gpu,NVIDIA,0.0479999929666519,0.16499999910593,FAST_MARSCHNER,51a3388a126ea8d9d02b357f60da313e-driver-2559295488,2073600,1,1920x1080,4
1.4.341,coverage,0.0769999995827675,3,0.00100000202655792,0.233999997377396,NVIDIA GeForce RTX 5090,0.261000007390976,discrete_gpu,NVIDIA,0.0319999903440475,0.148999996483326,APPROX_KAJIYA_KAY,51a3388a126ea8d9d02b357f60da313e-driver-2559295488,2073600,1,1920x1080,4
1.4.341,coverage,0.0769999995827675,3,0.00100001692771912,0.294999986886978,NVIDIA GeForce RTX 5090,0.317999988794327,discrete_gpu,NVIDIA,0.0929999798536301,0.209999985992908,REFERENCE_MARSCHNER,51a3388a126ea8d9d02b357f60da313e-driver-2559295488,2073600,1,1920x1080,4
1.4.341,coverage,0.0780000016093254,3,0.00100000202655792,0.0850000008940697,NVIDIA GeForce RTX 5090,0.103000000119209,discrete_gpu,NVIDIA,,,NO_HAIR,51a3388a126ea8d9d02b357f60da313e-driver-2559295488,2073600,2,1920x1080,4
1.4.341,coverage,0.0790000036358833,3,0.000999987125396729,0.202000007033348,NVIDIA GeForce RTX 5090,0.222000002861023,discrete_gpu,NVIDIA,,0.117000006139278,CARD_CONTROL,51a3388a126ea8d9d02b357f60da313e-driver-2559295488,2073600,2,1920x1080,4
1.4.341,coverage,0.0769999995827675,3,0.00100000202655792,0.218999996781349,NVIDIA GeForce RTX 5090,0.238000005483627,discrete_gpu,NVIDIA,0.0169999897480011,0.13399999588728,ALU_PROBE_96,51a3388a126ea8d9d02b357f60da313e-driver-2559295488,2073600,2,1920x1080,4
1.4.341,coverage,0.0780000016093254,3,0.00100001692771912,0.319000005722046,NVIDIA GeForce RTX 5090,0.527999997138977,discrete_gpu,NVIDIA,0.116999998688698,0.234000004827976,LUT_PROBE_16,51a3388a126ea8d9d02b357f60da313e-driver-2559295488,2073600,2,1920x1080,4
1.4.341,coverage,0.0790000036358833,3,0.00200000405311584,0.314000010490417,NVIDIA GeForce RTX 5090,0.337999999523163,discrete_gpu,NVIDIA,0.112000003457069,0.229000009596348,CINEMATIC_MARSCHNER,51a3388a126ea8d9d02b357f60da313e-driver-2559295488,2073600,2,1920x1080,4
1.4.341,coverage,0.0799999982118607,3,0.00100001692771912,0.296000003814697,NVIDIA GeForce RTX 5090,0.532999992370605,discrete_gpu,NVIDIA,0.0939999967813492,0.211000002920628,REFERENCE_MARSCHNER,51a3388a126ea8d9d02b357f60da313e-driver-2559295488,2073600,2,1920x1080,4
1.4.341,coverage,0.0769999995827675,3,0.00100000202655792,0.233999997377396,NVIDIA GeForce RTX 5090,0.254000008106232,discrete_gpu,NVIDIA,0.0319999903440475,0.148999996483326,APPROX_KAJIYA_KAY,51a3388a126ea8d9d02b357f60da313e-driver-2559295488,2073600,2,1920x1080,4
1.4.341,coverage,0.0790000036358833,3,0.00100001692771912,0.252000004053116,NVIDIA GeForce RTX 5090,0.270000010728836,discrete_gpu,NVIDIA,0.0499999970197678,0.167000003159046,FAST_MARSCHNER,51a3388a126ea8d9d02b357f60da313e-driver-2559295488,2073600,2,1920x1080,4
1.4.341,coverage,0.0780000016093254,3,0.00100000202655792,0.0850000008940697,NVIDIA GeForce RTX 5090,0.0949999988079071,discrete_gpu,NVIDIA,,,NO_HAIR,51a3388a126ea8d9d02b357f60da313e-driver-2559295488,2073600,3,1920x1080,4
1.4.341,coverage,0.0810000002384186,3,0.000999987125396729,0.202000007033348,NVIDIA GeForce RTX 5090,0.221000000834465,discrete_gpu,NVIDIA,,0.117000006139278,CARD_CONTROL,51a3388a126ea8d9d02b357f60da313e-driver-2559295488,2073600,3,1920x1080,4
1.4.341,coverage,0.0790000036358833,3,0.00100000202655792,0.218999996781349,NVIDIA GeForce RTX 5090,0.238000005483627,discrete_gpu,NVIDIA,0.0169999897480011,0.13399999588728,ALU_PROBE_96,51a3388a126ea8d9d02b357f60da313e-driver-2559295488,2073600,3,1920x1080,4
1.4.341,coverage,0.0810000002384186,3,0.00200000405311584,0.319000005722046,NVIDIA GeForce RTX 5090,0.558000028133392,discrete_gpu,NVIDIA,0.116999998688698,0.234000004827976,LUT_PROBE_16,51a3388a126ea8d9d02b357f60da313e-driver-2559295488,2073600,3,1920x1080,4
1.4.341,coverage,0.0769999995827675,3,0.00100000202655792,0.233999997377396,NVIDIA GeForce RTX 5090,0.247999995946884,discrete_gpu,NVIDIA,0.0319999903440475,0.148999996483326,APPROX_KAJIYA_KAY,51a3388a126ea8d9d02b357f60da313e-driver-2559295488,2073600,3,1920x1080,4
1.4.341,coverage,0.0769999995827675,3,0.00100001692771912,0.296000003814697,NVIDIA GeForce RTX 5090,0.522000014781952,discrete_gpu,NVIDIA,0.0939999967813492,0.211000002920628,REFERENCE_MARSCHNER,51a3388a126ea8d9d02b357f60da313e-driver-2559295488,2073600,3,1920x1080,4
1.4.341,coverage,0.0780000016093254,3,0.00200000405311584,0.314000010490417,NVIDIA GeForce RTX 5090,0.551999986171722,discrete_gpu,NVIDIA,0.112000003457069,0.229000009596348,CINEMATIC_MARSCHNER,51a3388a126ea8d9d02b357f60da313e-driver-2559295488,2073600,3,1920x1080,4
1.4.341,coverage,0.0769999995827675,3,0.00100001692771912,0.250999987125397,NVIDIA GeForce RTX 5090,0.275000005960464,discrete_gpu,NVIDIA,0.0489999800920486,0.165999986231327,FAST_MARSCHNER,51a3388a126ea8d9d02b357f60da313e-driver-2559295488,2073600,3,1920x1080,4
1.4.341,coverage,0.0729999989271164,3,0.00100000202655792,0.0850000008940697,NVIDIA GeForce RTX 5090,0.0939999967813492,discrete_gpu,NVIDIA,,,NO_HAIR,51a3388a126ea8d9d02b357f60da313e-driver-2559295488,2073600,4,1920x1080,4
1.4.341,coverage,0.0780000016093254,3,0.000999987125396729,0.202000007033348,NVIDIA GeForce RTX 5090,0.216999992728233,discrete_gpu,NVIDIA,,0.117000006139278,CARD_CONTROL,51a3388a126ea8d9d02b357f60da313e-driver-2559295488,2073600,4,1920x1080,4
1.4.341,coverage,0.0790000036358833,3,0.00100000202655792,0.218999996781349,NVIDIA GeForce RTX 5090,0.238999992609024,discrete_gpu,NVIDIA,0.0169999897480011,0.13399999588728,ALU_PROBE_96,51a3388a126ea8d9d02b357f60da313e-driver-2559295488,2073600,4,1920x1080,4
1.4.341,coverage,0.0810000002384186,3,0.00100001692771912,0.319000005722046,NVIDIA GeForce RTX 5090,0.533999979496002,discrete_gpu,NVIDIA,0.116999998688698,0.234000004827976,LUT_PROBE_16,51a3388a126ea8d9d02b357f60da313e-driver-2559295488,2073600,4,1920x1080,4
1.4.341,coverage,0.0820000022649765,3,0.00100000202655792,0.234999999403954,NVIDIA GeForce RTX 5090,0.256000012159348,discrete_gpu,NVIDIA,0.0329999923706055,0.149999998509884,APPROX_KAJIYA_KAY,51a3388a126ea8d9d02b357f60da313e-driver-2559295488,2073600,4,1920x1080,4
1.4.341,coverage,0.0810000002384186,3,0.00100001692771912,0.250999987125397,NVIDIA GeForce RTX 5090,0.273999989032745,discrete_gpu,NVIDIA,0.0489999800920486,0.165999986231327,FAST_MARSCHNER,51a3388a126ea8d9d02b357f60da313e-driver-2559295488,2073600,4,1920x1080,4
1.4.341,coverage,0.0799999982118607,3,0.00100001692771912,0.314000010490417,NVIDIA GeForce RTX 5090,0.340999990701675,discrete_gpu,NVIDIA,0.112000003457069,0.229000009596348,CINEMATIC_MARSCHNER,51a3388a126ea8d9d02b357f60da313e-driver-2559295488,2073600,4,1920x1080,4
1.4.341,coverage,0.0810000002384186,3,0.000999987125396729,0.296000003814697,NVIDIA GeForce RTX 5090,0.317999988794327,discrete_gpu,NVIDIA,0.0939999967813492,0.211000002920628,REFERENCE_MARSCHNER,51a3388a126ea8d9d02b357f60da313e-driver-2559295488,2073600,4,1920x1080,4
1.4.341,coverage,0.0719999969005585,7,0.00100000202655792,0.0920000001788139,NVIDIA GeForce RTX 5090,0.101000003516674,discrete_gpu,NVIDIA,,,NO_HAIR,51a3388a126ea8d9d02b357f60da313e-driver-2559295488,2073600,0,1920x1080,8
1.4.341,coverage,0.0820000022649765,7,0.00100000202655792,0.208000004291534,NVIDIA GeForce RTX 5090,0.229000002145767,discrete_gpu,NVIDIA,,0.11600000411272,CARD_CONTROL,51a3388a126ea8d9d02b357f60da313e-driver-2559295488,2073600,0,1920x1080,8
1.4.341,coverage,0.0829999968409538,7,0.000999987125396729,0.224000006914139,NVIDIA GeForce RTX 5090,0.24600000679493,discrete_gpu,NVIDIA,0.0160000026226044,0.132000006735325,ALU_PROBE_96,51a3388a126ea8d9d02b357f60da313e-driver-2559295488,2073600,0,1920x1080,8
1.4.341,coverage,0.0839999988675117,7,0.00200000405311584,0.323000013828278,NVIDIA GeForce RTX 5090,0.560000002384186,discrete_gpu,NVIDIA,0.115000009536743,0.231000013649464,LUT_PROBE_16,51a3388a126ea8d9d02b357f60da313e-driver-2559295488,2073600,0,1920x1080,8
1.4.341,coverage,0.0780000016093254,7,0.000999987125396729,0.270999997854233,NVIDIA GeForce RTX 5090,0.296999990940094,discrete_gpu,NVIDIA,0.0629999935626984,0.178999997675419,APPROX_KAJIYA_KAY,51a3388a126ea8d9d02b357f60da313e-driver-2559295488,2073600,0,1920x1080,8
1.4.341,coverage,0.0780000016093254,7,0.00100001692771912,0.300000011920929,NVIDIA GeForce RTX 5090,0.326999992132187,discrete_gpu,NVIDIA,0.0920000076293945,0.208000011742115,FAST_MARSCHNER,51a3388a126ea8d9d02b357f60da313e-driver-2559295488,2073600,0,1920x1080,8
1.4.341,coverage,0.0790000036358833,7,0.00200000405311584,0.423000007867813,NVIDIA GeForce RTX 5090,0.662999987602234,discrete_gpu,NVIDIA,0.215000003576279,0.331000007688999,CINEMATIC_MARSCHNER,51a3388a126ea8d9d02b357f60da313e-driver-2559295488,2073600,0,1920x1080,8
1.4.341,coverage,0.0810000002384186,7,0.00100001692771912,0.356000006198883,NVIDIA GeForce RTX 5090,0.583000004291534,discrete_gpu,NVIDIA,0.148000001907349,0.264000006020069,REFERENCE_MARSCHNER,51a3388a126ea8d9d02b357f60da313e-driver-2559295488,2073600,0,1920x1080,8
1.4.341,coverage,0.0769999995827675,7,0.0,0.0920000001788139,NVIDIA GeForce RTX 5090,0.0949999988079071,discrete_gpu,NVIDIA,,,NO_HAIR,51a3388a126ea8d9d02b357f60da313e-driver-2559295488,2073600,1,1920x1080,8
1.4.341,coverage,0.0790000036358833,7,0.00100000202655792,0.208000004291534,NVIDIA GeForce RTX 5090,0.224999994039536,discrete_gpu,NVIDIA,,0.11600000411272,CARD_CONTROL,51a3388a126ea8d9d02b357f60da313e-driver-2559295488,2073600,1,1920x1080,8
1.4.341,coverage,0.0799999982118607,7,0.000999987125396729,0.224000006914139,NVIDIA GeForce RTX 5090,0.238000005483627,discrete_gpu,NVIDIA,0.0160000026226044,0.132000006735325,ALU_PROBE_96,51a3388a126ea8d9d02b357f60da313e-driver-2559295488,2073600,1,1920x1080,8
1.4.341,coverage,0.0790000036358833,7,0.00100001692771912,0.321999996900558,NVIDIA GeForce RTX 5090,0.532000005245209,discrete_gpu,NVIDIA,0.113999992609024,0.229999996721745,LUT_PROBE_16,51a3388a126ea8d9d02b357f60da313e-driver-2559295488,2073600,1,1920x1080,8
1.4.341,coverage,0.0799999982118607,7,0.00200000405311584,0.421000003814697,NVIDIA GeForce RTX 5090,0.647000014781952,discrete_gpu,NVIDIA,0.212999999523163,0.329000003635883,CINEMATIC_MARSCHNER,51a3388a126ea8d9d02b357f60da313e-driver-2559295488,2073600,1,1920x1080,8
1.4.341,coverage,0.0850000008940697,7,0.00100001692771912,0.300000011920929,NVIDIA GeForce RTX 5090,0.324999988079071,discrete_gpu,NVIDIA,0.0920000076293945,0.208000011742115,FAST_MARSCHNER,51a3388a126ea8d9d02b357f60da313e-driver-2559295488,2073600,1,1920x1080,8
1.4.341,coverage,0.0839999988675117,7,0.00100001692771912,0.270000010728836,NVIDIA GeForce RTX 5090,0.28600001335144,discrete_gpu,NVIDIA,0.0620000064373016,0.178000010550022,APPROX_KAJIYA_KAY,51a3388a126ea8d9d02b357f60da313e-driver-2559295488,2073600,1,1920x1080,8
1.4.341,coverage,0.0829999968409538,7,0.00100001692771912,0.35699999332428,NVIDIA GeForce RTX 5090,0.379000008106232,discrete_gpu,NVIDIA,0.148999989032745,0.264999993145466,REFERENCE_MARSCHNER,51a3388a126ea8d9d02b357f60da313e-driver-2559295488,2073600,1,1920x1080,8
1.4.341,coverage,0.0759999975562096,7,0.00100000202655792,0.0920000001788139,NVIDIA GeForce RTX 5090,0.101000003516674,discrete_gpu,NVIDIA,,,NO_HAIR,51a3388a126ea8d9d02b357f60da313e-driver-2559295488,2073600,2,1920x1080,8
1.4.341,coverage,0.0799999982118607,7,0.00100000202655792,0.208000004291534,NVIDIA GeForce RTX 5090,0.226999998092651,discrete_gpu,NVIDIA,,0.11600000411272,CARD_CONTROL,51a3388a126ea8d9d02b357f60da313e-driver-2559295488,2073600,2,1920x1080,8
1.4.341,coverage,0.0810000002384186,7,0.00100000202655792,0.224000006914139,NVIDIA GeForce RTX 5090,0.248999997973442,discrete_gpu,NVIDIA,0.0160000026226044,0.132000006735325,ALU_PROBE_96,51a3388a126ea8d9d02b357f60da313e-driver-2559295488,2073600,2,1920x1080,8
1.4.341,coverage,0.0829999968409538,7,0.00199997425079346,0.323000013828278,NVIDIA GeForce RTX 5090,0.349000006914139,discrete_gpu,NVIDIA,0.115000009536743,0.231000013649464,LUT_PROBE_16,51a3388a126ea8d9d02b357f60da313e-driver-2559295488,2073600,2,1920x1080,8
1.4.341,coverage,0.0810000002384186,7,0.00200000405311584,0.421999990940094,NVIDIA GeForce RTX 5090,0.45100000500679,discrete_gpu,NVIDIA,0.21399998664856,0.32999999076128,CINEMATIC_MARSCHNER,51a3388a126ea8d9d02b357f60da313e-driver-2559295488,2073600,2,1920x1080,8
1.4.341,coverage,0.0820000022649765,7,0.00200000405311584,0.35699999332428,NVIDIA GeForce RTX 5090,0.556999981403351,discrete_gpu,NVIDIA,0.148999989032745,0.264999993145466,REFERENCE_MARSCHNER,51a3388a126ea8d9d02b357f60da313e-driver-2559295488,2073600,2,1920x1080,8
1.4.341,coverage,0.0799999982118607,7,0.00100001692771912,0.270999997854233,NVIDIA GeForce RTX 5090,0.291999995708466,discrete_gpu,NVIDIA,0.0629999935626984,0.178999997675419,APPROX_KAJIYA_KAY,51a3388a126ea8d9d02b357f60da313e-driver-2559295488,2073600,2,1920x1080,8
1.4.341,coverage,0.0810000002384186,7,0.00200000405311584,0.300999999046326,NVIDIA GeForce RTX 5090,0.533999979496002,discrete_gpu,NVIDIA,0.0929999947547913,0.208999998867512,FAST_MARSCHNER,51a3388a126ea8d9d02b357f60da313e-driver-2559295488,2073600,2,1920x1080,8
1.4.341,coverage,0.0750000029802322,7,0.00100000202655792,0.0920000001788139,NVIDIA GeForce RTX 5090,0.101000003516674,discrete_gpu,NVIDIA,,,NO_HAIR,51a3388a126ea8d9d02b357f60da313e-driver-2559295488,2073600,3,1920x1080,8
1.4.341,coverage,0.0799999982118607,7,0.00100000202655792,0.208000004291534,NVIDIA GeForce RTX 5090,0.225999996066093,discrete_gpu,NVIDIA,,0.11600000411272,CARD_CONTROL,51a3388a126ea8d9d02b357f60da313e-driver-2559295488,2073600,3,1920x1080,8
1.4.341,coverage,0.0879999995231628,7,0.00100000202655792,0.224000006914139,NVIDIA GeForce RTX 5090,0.252000004053116,discrete_gpu,NVIDIA,0.0160000026226044,0.132000006735325,ALU_PROBE_96,51a3388a126ea8d9d02b357f60da313e-driver-2559295488,2073600,3,1920x1080,8
1.4.341,coverage,0.0810000002384186,7,0.00200000405311584,0.323000013828278,NVIDIA GeForce RTX 5090,0.351999998092651,discrete_gpu,NVIDIA,0.115000009536743,0.231000013649464,LUT_PROBE_16,51a3388a126ea8d9d02b357f60da313e-driver-2559295488,2073600,3,1920x1080,8
1.4.341,coverage,0.0839999988675117,7,0.00200000405311584,0.270999997854233,NVIDIA GeForce RTX 5090,0.296000003814697,discrete_gpu,NVIDIA,0.0629999935626984,0.178999997675419,APPROX_KAJIYA_KAY,51a3388a126ea8d9d02b357f60da313e-driver-2559295488,2073600,3,1920x1080,8
1.4.341,coverage,0.0790000036358833,7,0.00200000405311584,0.358000010251999,NVIDIA GeForce RTX 5090,0.589999973773956,discrete_gpu,NVIDIA,0.150000005960464,0.266000010073185,REFERENCE_MARSCHNER,51a3388a126ea8d9d02b357f60da313e-driver-2559295488,2073600,3,1920x1080,8
1.4.341,coverage,0.0790000036358833,7,0.00300002098083496,0.423000007867813,NVIDIA GeForce RTX 5090,0.685000002384186,discrete_gpu,NVIDIA,0.215000003576279,0.331000007688999,CINEMATIC_MARSCHNER,51a3388a126ea8d9d02b357f60da313e-driver-2559295488,2073600,3,1920x1080,8
1.4.341,coverage,0.0780000016093254,7,0.00200000405311584,0.300999999046326,NVIDIA GeForce RTX 5090,0.323000013828278,discrete_gpu,NVIDIA,0.0929999947547913,0.208999998867512,FAST_MARSCHNER,51a3388a126ea8d9d02b357f60da313e-driver-2559295488,2073600,3,1920x1080,8
1.4.341,coverage,0.0810000002384186,7,0.00100000202655792,0.0920000001788139,NVIDIA GeForce RTX 5090,0.108000002801418,discrete_gpu,NVIDIA,,,NO_HAIR,51a3388a126ea8d9d02b357f60da313e-driver-2559295488,2073600,4,1920x1080,8
1.4.341,coverage,0.0820000022649765,7,0.00100000202655792,0.208000004291534,NVIDIA GeForce RTX 5090,0.236000001430511,discrete_gpu,NVIDIA,,0.11600000411272,CARD_CONTROL,51a3388a126ea8d9d02b357f60da313e-driver-2559295488,2073600,4,1920x1080,8
1.4.341,coverage,0.0829999968409538,7,0.00100000202655792,0.224000006914139,NVIDIA GeForce RTX 5090,0.233999997377396,discrete_gpu,NVIDIA,0.0160000026226044,0.132000006735325,ALU_PROBE_96,51a3388a126ea8d9d02b357f60da313e-driver-2559295488,2073600,4,1920x1080,8
1.4.341,coverage,0.0860000029206276,7,0.00200000405311584,0.319000005722046,NVIDIA GeForce RTX 5090,0.34799998998642,discrete_gpu,NVIDIA,0.111000001430511,0.227000005543232,LUT_PROBE_16,51a3388a126ea8d9d02b357f60da313e-driver-2559295488,2073600,4,1920x1080,8
1.4.341,coverage,0.0869999974966049,7,0.00100001692771912,0.270000010728836,NVIDIA GeForce RTX 5090,0.284000009298325,discrete_gpu,NVIDIA,0.0620000064373016,0.178000010550022,APPROX_KAJIYA_KAY,51a3388a126ea8d9d02b357f60da313e-driver-2559295488,2073600,4,1920x1080,8
1.4.341,coverage,0.0820000022649765,7,0.00100001692771912,0.300000011920929,NVIDIA GeForce RTX 5090,0.326999992132187,discrete_gpu,NVIDIA,0.0920000076293945,0.208000011742115,FAST_MARSCHNER,51a3388a126ea8d9d02b357f60da313e-driver-2559295488,2073600,4,1920x1080,8
1.4.341,coverage,0.0879999995231628,7,0.00299999117851257,0.42399999499321,NVIDIA GeForce RTX 5090,0.666999995708466,discrete_gpu,NVIDIA,0.215999990701675,0.331999994814396,CINEMATIC_MARSCHNER,51a3388a126ea8d9d02b357f60da313e-driver-2559295488,2073600,4,1920x1080,8
1.4.341,coverage,0.0860000029206276,7,0.00200000405311584,0.35699999332428,NVIDIA GeForce RTX 5090,0.601999998092651,discrete_gpu,NVIDIA,0.148999989032745,0.264999993145466,REFERENCE_MARSCHNER,51a3388a126ea8d9d02b357f60da313e-driver-2559295488,2073600,4,1920x1080,8
1.4.341,cards,0.0769999995827675,0,0.00100000202655792,0.0970000028610229,NVIDIA GeForce RTX 5090,0.103000000119209,discrete_gpu,NVIDIA,,,NO_HAIR,51a3388a126ea8d9d02b357f60da313e-driver-2559295488,3686400,0,2560x1440,1
1.4.341,cards,0.090999998152256,0,0.000999987125396729,0.23199999332428,NVIDIA GeForce RTX 5090,0.254999995231628,discrete_gpu,NVIDIA,,0.134999990463257,CARD_CONTROL,51a3388a126ea8d9d02b357f60da313e-driver-2559295488,3686400,0,2560x1440,1
1.4.341,cards,0.0799999982118607,0,0.00100000202655792,0.236000001430511,NVIDIA GeForce RTX 5090,0.254000008106232,discrete_gpu,NVIDIA,0.00400000810623169,0.138999998569489,ALU_PROBE_96,51a3388a126ea8d9d02b357f60da313e-driver-2559295488,3686400,0,2560x1440,1
1.4.341,cards,0.0780000016093254,0,0.00299999117851257,0.287000000476837,NVIDIA GeForce RTX 5090,0.305999994277954,discrete_gpu,NVIDIA,0.0550000071525574,0.189999997615814,LUT_PROBE_16,51a3388a126ea8d9d02b357f60da313e-driver-2559295488,3686400,0,2560x1440,1
1.4.341,cards,0.0799999982118607,0,0.00100000202655792,0.237000003457069,NVIDIA GeForce RTX 5090,0.254999995231628,discrete_gpu,NVIDIA,0.00500001013278961,0.140000000596046,APPROX_KAJIYA_KAY,51a3388a126ea8d9d02b357f60da313e-driver-2559295488,3686400,0,2560x1440,1
1.4.341,cards,0.0979999974370003,0,0.00100000202655792,0.241999998688698,NVIDIA GeForce RTX 5090,0.259999990463257,discrete_gpu,NVIDIA,0.010000005364418,0.144999995827675,FAST_MARSCHNER,51a3388a126ea8d9d02b357f60da313e-driver-2559295488,3686400,0,2560x1440,1
1.4.341,cards,0.0989999994635582,0,0.000999987125396729,0.238999992609024,NVIDIA GeForce RTX 5090,0.25900000333786,discrete_gpu,NVIDIA,0.00699999928474426,0.141999989748001,CINEMATIC_MARSCHNER,51a3388a126ea8d9d02b357f60da313e-driver-2559295488,3686400,0,2560x1440,1
1.4.341,cards,0.101000003516674,0,0.00100000202655792,0.24600000679493,NVIDIA GeForce RTX 5090,0.25900000333786,discrete_gpu,NVIDIA,0.0140000134706497,0.149000003933907,REFERENCE_MARSCHNER,51a3388a126ea8d9d02b357f60da313e-driver-2559295488,3686400,0,2560x1440,1
1.4.341,cards,0.0949999988079071,0,0.00100000202655792,0.0970000028610229,NVIDIA GeForce RTX 5090,0.104999996721745,discrete_gpu,NVIDIA,,,NO_HAIR,51a3388a126ea8d9d02b357f60da313e-driver-2559295488,3686400,1,2560x1440,1
1.4.341,cards,0.0839999988675117,0,0.000999987125396729,0.23199999332428,NVIDIA GeForce RTX 5090,0.245000004768372,discrete_gpu,NVIDIA,,0.134999990463257,CARD_CONTROL,51a3388a126ea8d9d02b357f60da313e-driver-2559295488,3686400,1,2560x1440,1
1.4.341,cards,0.0839999988675117,0,0.00100000202655792,0.236000001430511,NVIDIA GeForce RTX 5090,0.248999997973442,discrete_gpu,NVIDIA,0.00400000810623169,0.138999998569489,ALU_PROBE_96,51a3388a126ea8d9d02b357f60da313e-driver-2559295488,3686400,1,2560x1440,1
1.4.341,cards,0.101999998092651,0,0.00100001692771912,0.284999996423721,NVIDIA GeForce RTX 5090,0.308999985456467,discrete_gpu,NVIDIA,0.0530000030994415,0.187999993562698,LUT_PROBE_16,51a3388a126ea8d9d02b357f60da313e-driver-2559295488,3686400,1,2560x1440,1
1.4.341,cards,0.0810000002384186,0,0.000999987125396729,0.238999992609024,NVIDIA GeForce RTX 5090,0.261999994516373,discrete_gpu,NVIDIA,0.00699999928474426,0.141999989748001,CINEMATIC_MARSCHNER,51a3388a126ea8d9d02b357f60da313e-driver-2559295488,3686400,1,2560x1440,1
1.4.341,cards,0.0820000022649765,0,0.00100000202655792,0.241999998688698,NVIDIA GeForce RTX 5090,0.261000007390976,discrete_gpu,NVIDIA,0.010000005364418,0.144999995827675,FAST_MARSCHNER,51a3388a126ea8d9d02b357f60da313e-driver-2559295488,3686400,1,2560x1440,1
1.4.341,cards,0.0920000001788139,0,0.00100000202655792,0.237000003457069,NVIDIA GeForce RTX 5090,0.250999987125397,discrete_gpu,NVIDIA,0.00500001013278961,0.140000000596046,APPROX_KAJIYA_KAY,51a3388a126ea8d9d02b357f60da313e-driver-2559295488,3686400,1,2560x1440,1
1.4.341,cards,0.0810000002384186,0,0.00100000202655792,0.245000004768372,NVIDIA GeForce RTX 5090,0.256000012159348,discrete_gpu,NVIDIA,0.0130000114440918,0.148000001907349,REFERENCE_MARSCHNER,51a3388a126ea8d9d02b357f60da313e-driver-2559295488,3686400,1,2560x1440,1
1.4.341,cards,0.0759999975562096,0,0.00100000202655792,0.096000000834465,NVIDIA GeForce RTX 5090,0.114000000059605,discrete_gpu,NVIDIA,,,NO_HAIR,51a3388a126ea8d9d02b357f60da313e-driver-2559295488,3686400,2,2560x1440,1
1.4.341,cards,0.0769999995827675,0,0.000999987125396729,0.23199999332428,NVIDIA GeForce RTX 5090,0.252000004053116,discrete_gpu,NVIDIA,,0.135999992489815,CARD_CONTROL,51a3388a126ea8d9d02b357f60da313e-driver-2559295488,3686400,2,2560x1440,1
1.4.341,cards,0.0820000022649765,0,0.00100000202655792,0.234999999403954,NVIDIA GeForce RTX 5090,0.247999995946884,discrete_gpu,NVIDIA,0.00300000607967377,0.138999998569489,ALU_PROBE_96,51a3388a126ea8d9d02b357f60da313e-driver-2559295488,3686400,2,2560x1440,1
1.4.341,cards,0.0820000022649765,0,0.00100001692771912,0.284000009298325,NVIDIA GeForce RTX 5090,0.29899999499321,discrete_gpu,NVIDIA,0.0520000159740448,0.18800000846386,LUT_PROBE_16,51a3388a126ea8d9d02b357f60da313e-driver-2559295488,3686400,2,2560x1440,1
1.4.341,cards,0.0820000022649765,0,0.000999987125396729,0.238000005483627,NVIDIA GeForce RTX 5090,0.263000011444092,discrete_gpu,NVIDIA,0.00600001215934753,0.142000004649162,CINEMATIC_MARSCHNER,51a3388a126ea8d9d02b357f60da313e-driver-2559295488,3686400,2,2560x1440,1
1.4.341,cards,0.0810000002384186,0,0.00100000202655792,0.245000004768372,NVIDIA GeForce RTX 5090,0.257999986410141,discrete_gpu,NVIDIA,0.0130000114440918,0.149000003933907,REFERENCE_MARSCHNER,51a3388a126ea8d9d02b357f60da313e-driver-2559295488,3686400,2,2560x1440,1
1.4.341,cards,0.0820000022649765,0,0.00100000202655792,0.236000001430511,NVIDIA GeForce RTX 5090,0.256000012159348,discrete_gpu,NVIDIA,0.00400000810623169,0.140000000596046,APPROX_KAJIYA_KAY,51a3388a126ea8d9d02b357f60da313e-driver-2559295488,3686400,2,2560x1440,1
1.4.341,cards,0.0949999988079071,0,0.00100000202655792,0.24099999666214,NVIDIA GeForce RTX 5090,0.266000002622604,discrete_gpu,NVIDIA,0.00900000333786011,0.144999995827675,FAST_MARSCHNER,51a3388a126ea8d9d02b357f60da313e-driver-2559295488,3686400,2,2560x1440,1
1.4.341,cards,0.0790000036358833,0,0.00100000202655792,0.0970000028610229,NVIDIA GeForce RTX 5090,0.115000002086163,discrete_gpu,NVIDIA,,,NO_HAIR,51a3388a126ea8d9d02b357f60da313e-driver-2559295488,3686400,3,2560x1440,1
1.4.341,cards,0.0790000036358833,0,0.000999987125396729,0.23199999332428,NVIDIA GeForce RTX 5090,0.250999987125397,discrete_gpu,NVIDIA,,0.134999990463257,CARD_CONTROL,51a3388a126ea8d9d02b357f60da313e-driver-2559295488,3686400,3,2560x1440,1
1.4.341,cards,0.0790000036358833,0,0.00100000202655792,0.236000001430511,NVIDIA GeForce RTX 5090,0.252000004053116,discrete_gpu,NVIDIA,0.00400000810623169,0.138999998569489,ALU_PROBE_96,51a3388a126ea8d9d02b357f60da313e-driver-2559295488,3686400,3,2560x1440,1
1.4.341,cards,0.0829999968409538,0,0.00100001692771912,0.284999996423721,NVIDIA GeForce RTX 5090,0.312999993562698,discrete_gpu,NVIDIA,0.0530000030994415,0.187999993562698,LUT_PROBE_16,51a3388a126ea8d9d02b357f60da313e-driver-2559295488,3686400,3,2560x1440,1
1.4.341,cards,0.0829999968409538,0,0.00100000202655792,0.237000003457069,NVIDIA GeForce RTX 5090,0.247999995946884,discrete_gpu,NVIDIA,0.00500001013278961,0.140000000596046,APPROX_KAJIYA_KAY,51a3388a126ea8d9d02b357f60da313e-driver-2559295488,3686400,3,2560x1440,1
1.4.341,cards,0.0810000002384186,0,0.00100000202655792,0.245000004768372,NVIDIA GeForce RTX 5090,0.263999998569489,discrete_gpu,NVIDIA,0.0130000114440918,0.148000001907349,REFERENCE_MARSCHNER,51a3388a126ea8d9d02b357f60da313e-driver-2559295488,3686400,3,2560x1440,1
1.4.341,cards,0.0810000002384186,0,0.000999987125396729,0.238999992609024,NVIDIA GeForce RTX 5090,0.254999995231628,discrete_gpu,NVIDIA,0.00699999928474426,0.141999989748001,CINEMATIC_MARSCHNER,51a3388a126ea8d9d02b357f60da313e-driver-2559295488,3686400,3,2560x1440,1
1.4.341,cards,0.0820000022649765,0,0.00100000202655792,0.241999998688698,NVIDIA GeForce RTX 5090,0.25900000333786,discrete_gpu,NVIDIA,0.010000005364418,0.144999995827675,FAST_MARSCHNER,51a3388a126ea8d9d02b357f60da313e-driver-2559295488,3686400,3,2560x1440,1
1.4.341,cards,0.0759999975562096,0,0.00100000202655792,0.0970000028610229,NVIDIA GeForce RTX 5090,0.112000003457069,discrete_gpu,NVIDIA,,,NO_HAIR,51a3388a126ea8d9d02b357f60da313e-driver-2559295488,3686400,4,2560x1440,1
1.4.341,cards,0.0790000036358833,0,0.00100000202655792,0.232999995350838,NVIDIA GeForce RTX 5090,0.247999995946884,discrete_gpu,NVIDIA,,0.135999992489815,CARD_CONTROL,51a3388a126ea8d9d02b357f60da313e-driver-2559295488,3686400,4,2560x1440,1
1.4.341,cards,0.0799999982118607,0,0.00100000202655792,0.237000003457069,NVIDIA GeForce RTX 5090,0.252999991178513,discrete_gpu,NVIDIA,0.00400000810623169,0.140000000596046,ALU_PROBE_96,51a3388a126ea8d9d02b357f60da313e-driver-2559295488,3686400,4,2560x1440,1
1.4.341,cards,0.0829999968409538,0,0.00100001692771912,0.284999996423721,NVIDIA GeForce RTX 5090,0.301999986171722,discrete_gpu,NVIDIA,0.0520000010728836,0.187999993562698,LUT_PROBE_16,51a3388a126ea8d9d02b357f60da313e-driver-2559295488,3686400,4,2560x1440,1
1.4.341,cards,0.0790000036358833,0,0.00100000202655792,0.238000005483627,NVIDIA GeForce RTX 5090,0.254999995231628,discrete_gpu,NVIDIA,0.00500001013278961,0.141000002622604,APPROX_KAJIYA_KAY,51a3388a126ea8d9d02b357f60da313e-driver-2559295488,3686400,4,2560x1440,1
1.4.341,cards,0.0759999975562096,0,0.00100000202655792,0.244000002741814,NVIDIA GeForce RTX 5090,0.259999990463257,discrete_gpu,NVIDIA,0.011000007390976,0.146999999880791,FAST_MARSCHNER,51a3388a126ea8d9d02b357f60da313e-driver-2559295488,3686400,4,2560x1440,1
1.4.341,cards,0.0769999995827675,0,0.00100000202655792,0.239999994635582,NVIDIA GeForce RTX 5090,0.254999995231628,discrete_gpu,NVIDIA,0.00699999928474426,0.142999991774559,CINEMATIC_MARSCHNER,51a3388a126ea8d9d02b357f60da313e-driver-2559295488,3686400,4,2560x1440,1
1.4.341,cards,0.0759999975562096,0,0.00100000202655792,0.245000004768372,NVIDIA GeForce RTX 5090,0.256999999284744,discrete_gpu,NVIDIA,0.0120000094175339,0.148000001907349,REFERENCE_MARSCHNER,51a3388a126ea8d9d02b357f60da313e-driver-2559295488,3686400,4,2560x1440,1
1.4.341,cards,0.0750000029802322,3,0.000999994575977325,0.104999996721745,NVIDIA GeForce RTX 5090,0.126000002026558,discrete_gpu,NVIDIA,,,NO_HAIR,51a3388a126ea8d9d02b357f60da313e-driver-2559295488,3686400,0,2560x1440,4
1.4.341,cards,0.0769999995827675,3,0.00100000202655792,0.233999997377396,NVIDIA GeForce RTX 5090,0.252000004053116,discrete_gpu,NVIDIA,,0.129000000655651,CARD_CONTROL,51a3388a126ea8d9d02b357f60da313e-driver-2559295488,3686400,0,2560x1440,4
1.4.341,cards,0.0759999975562096,3,0.000999987125396729,0.238000005483627,NVIDIA GeForce RTX 5090,0.257999986410141,discrete_gpu,NVIDIA,0.00400000810623169,0.133000008761883,ALU_PROBE_96,51a3388a126ea8d9d02b357f60da313e-driver-2559295488,3686400,0,2560x1440,4
1.4.341,cards,0.0790000036358833,3,0.00200000405311584,0.28999999165535,NVIDIA GeForce RTX 5090,0.308999985456467,discrete_gpu,NVIDIA,0.0559999942779541,0.184999994933605,LUT_PROBE_16,51a3388a126ea8d9d02b357f60da313e-driver-2559295488,3686400,0,2560x1440,4
1.4.341,cards,0.0780000016093254,3,0.00100000202655792,0.241999998688698,NVIDIA GeForce RTX 5090,0.25900000333786,discrete_gpu,NVIDIA,0.00800000131130219,0.137000001966953,APPROX_KAJIYA_KAY,51a3388a126ea8d9d02b357f60da313e-driver-2559295488,3686400,0,2560x1440,4
1.4.341,cards,0.0780000016093254,3,0.00100001692771912,0.254999995231628,NVIDIA GeForce RTX 5090,0.275999993085861,discrete_gpu,NVIDIA,0.0209999978542328,0.149999998509884,FAST_MARSCHNER,51a3388a126ea8d9d02b357f60da313e-driver-2559295488,3686400,0,2560x1440,4
1.4.341,cards,0.0810000002384186,3,0.000999987125396729,0.300999999046326,NVIDIA GeForce RTX 5090,0.32600000500679,discrete_gpu,NVIDIA,0.0670000016689301,0.196000002324581,CINEMATIC_MARSCHNER,51a3388a126ea8d9d02b357f60da313e-driver-2559295488,3686400,0,2560x1440,4
1.4.341,cards,0.0799999982118607,3,0.00200000405311584,0.263999998569489,NVIDIA GeForce RTX 5090,0.282999992370605,discrete_gpu,NVIDIA,0.0300000011920929,0.159000001847744,REFERENCE_MARSCHNER,51a3388a126ea8d9d02b357f60da313e-driver-2559295488,3686400,0,2560x1440,4
1.4.341,cards,0.0769999995827675,3,0.0,0.104999996721745,NVIDIA GeForce RTX 5090,0.123999997973442,discrete_gpu,NVIDIA,,,NO_HAIR,51a3388a126ea8d9d02b357f60da313e-driver-2559295488,3686400,1,2560x1440,4
1.4.341,cards,0.0780000016093254,3,0.00100000202655792,0.234999999403954,NVIDIA GeForce RTX 5090,0.25900000333786,discrete_gpu,NVIDIA,,0.130000002682209,CARD_CONTROL,51a3388a126ea8d9d02b357f60da313e-driver-2559295488,3686400,1,2560x1440,4
1.4.341,cards,0.0780000016093254,3,0.000999987125396729,0.238999992609024,NVIDIA GeForce RTX 5090,0.256999999284744,discrete_gpu,NVIDIA,0.0039999932050705,0.13399999588728,ALU_PROBE_96,51a3388a126ea8d9d02b357f60da313e-driver-2559295488,3686400,1,2560x1440,4
1.4.341,cards,0.0810000002384186,3,0.00200000405311584,0.289000004529953,NVIDIA GeForce RTX 5090,0.312999993562698,discrete_gpu,NVIDIA,0.0540000051259995,0.184000007808208,LUT_PROBE_16,51a3388a126ea8d9d02b357f60da313e-driver-2559295488,3686400,1,2560x1440,4
1.4.341,cards,0.0869999974966049,3,0.00199997425079346,0.301999986171722,NVIDIA GeForce RTX 5090,0.509999990463257,discrete_gpu,NVIDIA,0.0669999867677689,0.196999989449978,CINEMATIC_MARSCHNER,51a3388a126ea8d9d02b357f60da313e-driver-2559295488,3686400,1,2560x1440,4
1.4.341,cards,0.0839999988675117,3,0.00100001692771912,0.256000012159348,NVIDIA GeForce RTX 5090,0.284999996423721,discrete_gpu,NVIDIA,0.021000012755394,0.151000015437603,FAST_MARSCHNER,51a3388a126ea8d9d02b357f60da313e-driver-2559295488,3686400,1,2560x1440,4
1.4.341,cards,0.0820000022649765,3,0.00100000202655792,0.243000000715256,NVIDIA GeForce RTX 5090,0.264999985694885,discrete_gpu,NVIDIA,0.00800000131130219,0.138000003993511,APPROX_KAJIYA_KAY,51a3388a126ea8d9d02b357f60da313e-driver-2559295488,3686400,1,2560x1440,4
1.4.341,cards,0.0820000022649765,3,0.000999987125396729,0.263000011444092,NVIDIA GeForce RTX 5090,0.287000000476837,discrete_gpu,NVIDIA,0.0280000120401382,0.158000014722347,REFERENCE_MARSCHNER,51a3388a126ea8d9d02b357f60da313e-driver-2559295488,3686400,1,2560x1440,4
1.4.341,cards,0.0780000016093254,3,0.0,0.104999996721745,NVIDIA GeForce RTX 5090,0.123999997973442,discrete_gpu,NVIDIA,,,NO_HAIR,51a3388a126ea8d9d02b357f60da313e-driver-2559295488,3686400,2,2560x1440,4
1.4.341,cards,0.0820000022649765,3,0.00100000202655792,0.233999997377396,NVIDIA GeForce RTX 5090,0.256999999284744,discrete_gpu,NVIDIA,,0.129000000655651,CARD_CONTROL,51a3388a126ea8d9d02b357f60da313e-driver-2559295488,3686400,2,2560x1440,4
1.4.341,cards,0.0780000016093254,3,0.00100000202655792,0.238000005483627,NVIDIA GeForce RTX 5090,0.256999999284744,discrete_gpu,NVIDIA,0.00400000810623169,0.133000008761883,ALU_PROBE_96,51a3388a126ea8d9d02b357f60da313e-driver-2559295488,3686400,2,2560x1440,4
1.4.341,cards,0.0799999982118607,3,0.00200000405311584,0.287000000476837,NVIDIA GeForce RTX 5090,0.495999991893768,discrete_gpu,NVIDIA,0.0530000030994415,0.182000003755093,LUT_PROBE_16,51a3388a126ea8d9d02b357f60da313e-driver-2559295488,3686400,2,2560x1440,4
1.4.341,cards,0.0810000002384186,3,0.000999987125396729,0.300999999046326,NVIDIA GeForce RTX 5090,0.529999971389771,discrete_gpu,NVIDIA,0.0670000016689301,0.196000002324581,CINEMATIC_MARSCHNER,51a3388a126ea8d9d02b357f60da313e-driver-2559295488,3686400,2,2560x1440,4
1.4.341,cards,0.0820000022649765,3,0.000999987125396729,0.263999998569489,NVIDIA GeForce RTX 5090,0.28600001335144,discrete_gpu,NVIDIA,0.0300000011920929,0.159000001847744,REFERENCE_MARSCHNER,51a3388a126ea8d9d02b357f60da313e-driver-2559295488,3686400,2,2560x1440,4
1.4.341,cards,0.0829999968409538,3,0.00100000202655792,0.241999998688698,NVIDIA GeForce RTX 5090,0.270999997854233,discrete_gpu,NVIDIA,0.00800000131130219,0.137000001966953,APPROX_KAJIYA_KAY,51a3388a126ea8d9d02b357f60da313e-driver-2559295488,3686400,2,2560x1440,4
1.4.341,cards,0.0790000036358833,3,0.00200000405311584,0.254999995231628,NVIDIA GeForce RTX 5090,0.293999999761581,discrete_gpu,NVIDIA,0.0209999978542328,0.149999998509884,FAST_MARSCHNER,51a3388a126ea8d9d02b357f60da313e-driver-2559295488,3686400,2,2560x1440,4
1.4.341,cards,0.0829999968409538,3,0.000999994575977325,0.104999996721745,NVIDIA GeForce RTX 5090,0.126000002026558,discrete_gpu,NVIDIA,,,NO_HAIR,51a3388a126ea8d9d02b357f60da313e-driver-2559295488,3686400,3,2560x1440,4
1.4.341,cards,0.0780000016093254,3,0.00100000202655792,0.233999997377396,NVIDIA GeForce RTX 5090,0.25900000333786,discrete_gpu,NVIDIA,,0.129000000655651,CARD_CONTROL,51a3388a126ea8d9d02b357f60da313e-driver-2559295488,3686400,3,2560x1440,4
1.4.341,cards,0.0769999995827675,3,0.00100000202655792,0.238000005483627,NVIDIA GeForce RTX 5090,0.263999998569489,discrete_gpu,NVIDIA,0.00400000810623169,0.133000008761883,ALU_PROBE_96,51a3388a126ea8d9d02b357f60da313e-driver-2559295488,3686400,3,2560x1440,4
1.4.341,cards,0.0769999995827675,3,0.00200000405311584,0.289000004529953,NVIDIA GeForce RTX 5090,0.314999997615814,discrete_gpu,NVIDIA,0.0550000071525574,0.184000007808208,LUT_PROBE_16,51a3388a126ea8d9d02b357f60da313e-driver-2559295488,3686400,3,2560x1440,4
1.4.341,cards,0.0769999995827675,3,0.00100000202655792,0.241999998688698,NVIDIA GeForce RTX 5090,0.266000002622604,discrete_gpu,NVIDIA,0.00800000131130219,0.137000001966953,APPROX_KAJIYA_KAY,51a3388a126ea8d9d02b357f60da313e-driver-2559295488,3686400,3,2560x1440,4
1.4.341,cards,0.0820000022649765,3,0.00200000405311584,0.263999998569489,NVIDIA GeForce RTX 5090,0.282999992370605,discrete_gpu,NVIDIA,0.0300000011920929,0.159000001847744,REFERENCE_MARSCHNER,51a3388a126ea8d9d02b357f60da313e-driver-2559295488,3686400,3,2560x1440,4
1.4.341,cards,0.0780000016093254,3,0.00100001692771912,0.300000011920929,NVIDIA GeForce RTX 5090,0.529999971389771,discrete_gpu,NVIDIA,0.0660000145435333,0.195000015199184,CINEMATIC_MARSCHNER,51a3388a126ea8d9d02b357f60da313e-driver-2559295488,3686400,3,2560x1440,4
1.4.341,cards,0.0799999982118607,3,0.00100001692771912,0.254999995231628,NVIDIA GeForce RTX 5090,0.280000001192093,discrete_gpu,NVIDIA,0.0209999978542328,0.149999998509884,FAST_MARSCHNER,51a3388a126ea8d9d02b357f60da313e-driver-2559295488,3686400,3,2560x1440,4
1.4.341,cards,0.0750000029802322,3,0.0,0.104999996721745,NVIDIA GeForce RTX 5090,0.123000003397465,discrete_gpu,NVIDIA,,,NO_HAIR,51a3388a126ea8d9d02b357f60da313e-driver-2559295488,3686400,4,2560x1440,4
1.4.341,cards,0.0780000016093254,3,0.00100000202655792,0.233999997377396,NVIDIA GeForce RTX 5090,0.256000012159348,discrete_gpu,NVIDIA,,0.129000000655651,CARD_CONTROL,51a3388a126ea8d9d02b357f60da313e-driver-2559295488,3686400,4,2560x1440,4
1.4.341,cards,0.0780000016093254,3,0.00100000202655792,0.238000005483627,NVIDIA GeForce RTX 5090,0.460999995470047,discrete_gpu,NVIDIA,0.00400000810623169,0.133000008761883,ALU_PROBE_96,51a3388a126ea8d9d02b357f60da313e-driver-2559295488,3686400,4,2560x1440,4
1.4.341,cards,0.0780000016093254,3,0.00199997425079346,0.28600001335144,NVIDIA GeForce RTX 5090,0.513999998569489,discrete_gpu,NVIDIA,0.0520000159740448,0.181000016629696,LUT_PROBE_16,51a3388a126ea8d9d02b357f60da313e-driver-2559295488,3686400,4,2560x1440,4
1.4.341,cards,0.0769999995827675,3,0.00100000202655792,0.24099999666214,NVIDIA GeForce RTX 5090,0.460999995470047,discrete_gpu,NVIDIA,0.00699999928474426,0.135999999940395,APPROX_KAJIYA_KAY,51a3388a126ea8d9d02b357f60da313e-driver-2559295488,3686400,4,2560x1440,4
1.4.341,cards,0.0780000016093254,3,0.00200000405311584,0.254999995231628,NVIDIA GeForce RTX 5090,0.272000014781952,discrete_gpu,NVIDIA,0.0209999978542328,0.149999998509884,FAST_MARSCHNER,51a3388a126ea8d9d02b357f60da313e-driver-2559295488,3686400,4,2560x1440,4
1.4.341,cards,0.0799999982118607,3,0.00100001692771912,0.300000011920929,NVIDIA GeForce RTX 5090,0.32600000500679,discrete_gpu,NVIDIA,0.0660000145435333,0.195000015199184,CINEMATIC_MARSCHNER,51a3388a126ea8d9d02b357f60da313e-driver-2559295488,3686400,4,2560x1440,4
1.4.341,cards,0.0790000036358833,3,0.00100001692771912,0.263000011444092,NVIDIA GeForce RTX 5090,0.28600001335144,discrete_gpu,NVIDIA,0.0290000140666962,0.158000014722347,REFERENCE_MARSCHNER,51a3388a126ea8d9d02b357f60da313e-driver-2559295488,3686400,4,2560x1440,4
1.4.341,cards,0.0780000016093254,7,0.0,0.11599999666214,NVIDIA GeForce RTX 5090,0.128999993205071,discrete_gpu,NVIDIA,,,NO_HAIR,51a3388a126ea8d9d02b357f60da313e-driver-2559295488,3686400,0,2560x1440,8
1.4.341,cards,0.0780000016093254,7,0.00100000202655792,0.237000003457069,NVIDIA GeForce RTX 5090,0.257999986410141,discrete_gpu,NVIDIA,,0.12100000679493,CARD_CONTROL,51a3388a126ea8d9d02b357f60da313e-driver-2559295488,3686400,0,2560x1440,8
1.4.341,cards,0.0780000016093254,7,0.00100000202655792,0.24099999666214,NVIDIA GeForce RTX 5090,0.256000012159348,discrete_gpu,NVIDIA,0.0039999932050705,0.125,ALU_PROBE_96,51a3388a126ea8d9d02b357f60da313e-driver-2559295488,3686400,0,2560x1440,8
1.4.341,cards,0.0780000016093254,7,0.000999987125396729,0.293999999761581,NVIDIA GeForce RTX 5090,0.312000006437302,discrete_gpu,NVIDIA,0.056999996304512,0.178000003099442,LUT_PROBE_16,51a3388a126ea8d9d02b357f60da313e-driver-2559295488,3686400,0,2560x1440,8
1.4.341,cards,0.0790000036358833,7,0.00100001692771912,0.26800000667572,NVIDIA GeForce RTX 5090,0.282000005245209,discrete_gpu,NVIDIA,0.0310000032186508,0.15200001001358,APPROX_KAJIYA_KAY,51a3388a126ea8d9d02b357f60da313e-driver-2559295488,3686400,0,2560x1440,8
1.4.341,cards,0.0790000036358833,7,0.000999987125396729,0.291999995708466,NVIDIA GeForce RTX 5090,0.321000009775162,discrete_gpu,NVIDIA,0.0549999922513962,0.175999999046326,FAST_MARSCHNER,51a3388a126ea8d9d02b357f60da313e-driver-2559295488,3686400,0,2560x1440,8
1.4.341,cards,0.0799999982118607,7,0.00100001692771912,0.391999989748001,NVIDIA GeForce RTX 5090,0.421000003814697,discrete_gpu,NVIDIA,0.154999986290932,0.275999993085861,CINEMATIC_MARSCHNER,51a3388a126ea8d9d02b357f60da313e-driver-2559295488,3686400,0,2560x1440,8
1.4.341,cards,0.0850000008940697,7,0.00100001692771912,0.310999989509583,NVIDIA GeForce RTX 5090,0.523999989032745,discrete_gpu,NVIDIA,0.0739999860525131,0.194999992847443,REFERENCE_MARSCHNER,51a3388a126ea8d9d02b357f60da313e-driver-2559295488,3686400,0,2560x1440,8
1.4.341,cards,0.0750000029802322,7,0.000999994575977325,0.11599999666214,NVIDIA GeForce RTX 5090,0.136999994516373,discrete_gpu,NVIDIA,,,NO_HAIR,51a3388a126ea8d9d02b357f60da313e-driver-2559295488,3686400,1,2560x1440,8
1.4.341,cards,0.0829999968409538,7,0.00100000202655792,0.237000003457069,NVIDIA GeForce RTX 5090,0.256000012159348,discrete_gpu,NVIDIA,,0.12100000679493,CARD_CONTROL,51a3388a126ea8d9d02b357f60da313e-driver-2559295488,3686400,1,2560x1440,8
1.4.341,cards,0.0839999988675117,7,0.00100000202655792,0.24099999666214,NVIDIA GeForce RTX 5090,0.261999994516373,discrete_gpu,NVIDIA,0.0039999932050705,0.125,ALU_PROBE_96,51a3388a126ea8d9d02b357f60da313e-driver-2559295488,3686400,1,2560x1440,8
1.4.341,cards,0.0839999988675117,7,0.00100001692771912,0.291000008583069,NVIDIA GeForce RTX 5090,0.310999989509583,discrete_gpu,NVIDIA,0.0540000051259995,0.175000011920929,LUT_PROBE_16,51a3388a126ea8d9d02b357f60da313e-driver-2559295488,3686400,1,2560x1440,8
1.4.341,cards,0.0820000022649765,7,0.00100001692771912,0.391000002622604,NVIDIA GeForce RTX 5090,0.414000004529953,discrete_gpu,NVIDIA,0.153999999165535,0.275000005960464,CINEMATIC_MARSCHNER,51a3388a126ea8d9d02b357f60da313e-driver-2559295488,3686400,1,2560x1440,8
1.4.341,cards,0.0839999988675117,7,0.00100001692771912,0.291999995708466,NVIDIA GeForce RTX 5090,0.312000006437302,discrete_gpu,NVIDIA,0.0549999922513962,0.175999999046326,FAST_MARSCHNER,51a3388a126ea8d9d02b357f60da313e-driver-2559295488,3686400,1,2560x1440,8
1.4.341,cards,0.0839999988675117,7,0.00100001692771912,0.26800000667572,NVIDIA GeForce RTX 5090,0.289000004529953,discrete_gpu,NVIDIA,0.0310000032186508,0.15200001001358,APPROX_KAJIYA_KAY,51a3388a126ea8d9d02b357f60da313e-driver-2559295488,3686400,1,2560x1440,8
1.4.341,cards,0.0829999968409538,7,0.00100001692771912,0.310999989509583,NVIDIA GeForce RTX 5090,0.328999996185303,discrete_gpu,NVIDIA,0.0739999860525131,0.194999992847443,REFERENCE_MARSCHNER,51a3388a126ea8d9d02b357f60da313e-driver-2559295488,3686400,1,2560x1440,8
1.4.341,cards,0.0790000036358833,7,0.0,0.11599999666214,NVIDIA GeForce RTX 5090,0.131999999284744,discrete_gpu,NVIDIA,,,NO_HAIR,51a3388a126ea8d9d02b357f60da313e-driver-2559295488,3686400,2,2560x1440,8
1.4.341,cards,0.0820000022649765,7,0.00100000202655792,0.237000003457069,NVIDIA GeForce RTX 5090,0.25900000333786,discrete_gpu,NVIDIA,,0.12100000679493,CARD_CONTROL,51a3388a126ea8d9d02b357f60da313e-driver-2559295488,3686400,2,2560x1440,8
1.4.341,cards,0.0810000002384186,7,0.00100000202655792,0.239999994635582,NVIDIA GeForce RTX 5090,0.261000007390976,discrete_gpu,NVIDIA,0.00299999117851257,0.123999997973442,ALU_PROBE_96,51a3388a126ea8d9d02b357f60da313e-driver-2559295488,3686400,2,2560x1440,8
1.4.341,cards,0.0829999968409538,7,0.00100001692771912,0.291000008583069,NVIDIA GeForce RTX 5090,0.524999976158142,discrete_gpu,NVIDIA,0.0540000051259995,0.175000011920929,LUT_PROBE_16,51a3388a126ea8d9d02b357f60da313e-driver-2559295488,3686400,2,2560x1440,8
1.4.341,cards,0.0810000002384186,7,0.00100001692771912,0.391000002622604,NVIDIA GeForce RTX 5090,0.625,discrete_gpu,NVIDIA,0.153999999165535,0.275000005960464,CINEMATIC_MARSCHNER,51a3388a126ea8d9d02b357f60da313e-driver-2559295488,3686400,2,2560x1440,8
1.4.341,cards,0.0829999968409538,7,0.00100001692771912,0.310000002384186,NVIDIA GeForce RTX 5090,0.541000008583069,discrete_gpu,NVIDIA,0.0729999989271164,0.194000005722046,REFERENCE_MARSCHNER,51a3388a126ea8d9d02b357f60da313e-driver-2559295488,3686400,2,2560x1440,8
1.4.341,cards,0.0860000029206276,7,0.00100001692771912,0.26800000667572,NVIDIA GeForce RTX 5090,0.467000007629395,discrete_gpu,NVIDIA,0.0310000032186508,0.15200001001358,APPROX_KAJIYA_KAY,51a3388a126ea8d9d02b357f60da313e-driver-2559295488,3686400,2,2560x1440,8
1.4.341,cards,0.0839999988675117,7,0.000999987125396729,0.291999995708466,NVIDIA GeForce RTX 5090,0.312000006437302,discrete_gpu,NVIDIA,0.0549999922513962,0.175999999046326,FAST_MARSCHNER,51a3388a126ea8d9d02b357f60da313e-driver-2559295488,3686400,2,2560x1440,8
1.4.341,cards,0.0790000036358833,7,0.000999994575977325,0.11599999666214,NVIDIA GeForce RTX 5090,0.136000007390976,discrete_gpu,NVIDIA,,,NO_HAIR,51a3388a126ea8d9d02b357f60da313e-driver-2559295488,3686400,3,2560x1440,8
1.4.341,cards,0.0839999988675117,7,0.00100000202655792,0.237000003457069,NVIDIA GeForce RTX 5090,0.256999999284744,discrete_gpu,NVIDIA,,0.12100000679493,CARD_CONTROL,51a3388a126ea8d9d02b357f60da313e-driver-2559295488,3686400,3,2560x1440,8
1.4.341,cards,0.0790000036358833,7,0.00100000202655792,0.24099999666214,NVIDIA GeForce RTX 5090,0.261999994516373,discrete_gpu,NVIDIA,0.0039999932050705,0.125,ALU_PROBE_96,51a3388a126ea8d9d02b357f60da313e-driver-2559295488,3686400,3,2560x1440,8
1.4.341,cards,0.0810000002384186,7,0.00200000405311584,0.293999999761581,NVIDIA GeForce RTX 5090,0.312999993562698,discrete_gpu,NVIDIA,0.056999996304512,0.178000003099442,LUT_PROBE_16,51a3388a126ea8d9d02b357f60da313e-driver-2559295488,3686400,3,2560x1440,8
1.4.341,cards,0.0780000016093254,7,0.00100001692771912,0.26800000667572,NVIDIA GeForce RTX 5090,0.289000004529953,discrete_gpu,NVIDIA,0.0310000032186508,0.15200001001358,APPROX_KAJIYA_KAY,51a3388a126ea8d9d02b357f60da313e-driver-2559295488,3686400,3,2560x1440,8
1.4.341,cards,0.0780000016093254,7,0.00100001692771912,0.310999989509583,NVIDIA GeForce RTX 5090,0.331000000238419,discrete_gpu,NVIDIA,0.0739999860525131,0.194999992847443,REFERENCE_MARSCHNER,51a3388a126ea8d9d02b357f60da313e-driver-2559295488,3686400,3,2560x1440,8
1.4.341,cards,0.0799999982118607,7,0.00200000405311584,0.39300000667572,NVIDIA GeForce RTX 5090,0.414000004529953,discrete_gpu,NVIDIA,0.156000003218651,0.27700001001358,CINEMATIC_MARSCHNER,51a3388a126ea8d9d02b357f60da313e-driver-2559295488,3686400,3,2560x1440,8
1.4.341,cards,0.0780000016093254,7,0.000999987125396729,0.291999995708466,NVIDIA GeForce RTX 5090,0.312000006437302,discrete_gpu,NVIDIA,0.0549999922513962,0.175999999046326,FAST_MARSCHNER,51a3388a126ea8d9d02b357f60da313e-driver-2559295488,3686400,3,2560x1440,8
1.4.341,cards,0.0740000009536743,7,0.000999994575977325,0.11599999666214,NVIDIA GeForce RTX 5090,0.131999999284744,discrete_gpu,NVIDIA,,,NO_HAIR,51a3388a126ea8d9d02b357f60da313e-driver-2559295488,3686400,4,2560x1440,8
1.4.341,cards,0.0780000016093254,7,0.00100000202655792,0.237000003457069,NVIDIA GeForce RTX 5090,0.256999999284744,discrete_gpu,NVIDIA,,0.12100000679493,CARD_CONTROL,51a3388a126ea8d9d02b357f60da313e-driver-2559295488,3686400,4,2560x1440,8
1.4.341,cards,0.0780000016093254,7,0.00100000202655792,0.24099999666214,NVIDIA GeForce RTX 5090,0.261999994516373,discrete_gpu,NVIDIA,0.0039999932050705,0.125,ALU_PROBE_96,51a3388a126ea8d9d02b357f60da313e-driver-2559295488,3686400,4,2560x1440,8
1.4.341,cards,0.0790000036358833,7,0.00200000405311584,0.291999995708466,NVIDIA GeForce RTX 5090,0.321999996900558,discrete_gpu,NVIDIA,0.0549999922513962,0.175999999046326,LUT_PROBE_16,51a3388a126ea8d9d02b357f60da313e-driver-2559295488,3686400,4,2560x1440,8
1.4.341,cards,0.0790000036358833,7,0.00100001692771912,0.26800000667572,NVIDIA GeForce RTX 5090,0.28999999165535,discrete_gpu,NVIDIA,0.0310000032186508,0.15200001001358,APPROX_KAJIYA_KAY,51a3388a126ea8d9d02b357f60da313e-driver-2559295488,3686400,4,2560x1440,8
1.4.341,cards,0.0820000022649765,7,0.00100001692771912,0.291999995708466,NVIDIA GeForce RTX 5090,0.314999997615814,discrete_gpu,NVIDIA,0.0549999922513962,0.175999999046326,FAST_MARSCHNER,51a3388a126ea8d9d02b357f60da313e-driver-2559295488,3686400,4,2560x1440,8
1.4.341,cards,0.0839999988675117,7,0.00200000405311584,0.39300000667572,NVIDIA GeForce RTX 5090,0.416000008583069,discrete_gpu,NVIDIA,0.156000003218651,0.27700001001358,CINEMATIC_MARSCHNER,51a3388a126ea8d9d02b357f60da313e-driver-2559295488,3686400,4,2560x1440,8
1.4.341,cards,0.0839999988675117,7,0.00200000405311584,0.310999989509583,NVIDIA GeForce RTX 5090,0.528999984264374,discrete_gpu,NVIDIA,0.0739999860525131,0.194999992847443,REFERENCE_MARSCHNER,51a3388a126ea8d9d02b357f60da313e-driver-2559295488,3686400,4,2560x1440,8
1.4.341,coverage,0.0769999995827675,0,0.00100000202655792,0.0970000028610229,NVIDIA GeForce RTX 5090,0.114000000059605,discrete_gpu,NVIDIA,,,NO_HAIR,51a3388a126ea8d9d02b357f60da313e-driver-2559295488,3686400,0,2560x1440,1
1.4.341,coverage,0.0850000008940697,0,0.00100001692771912,0.261999994516373,NVIDIA GeForce RTX 5090,0.28099998831749,discrete_gpu,NVIDIA,,0.16499999165535,CARD_CONTROL,51a3388a126ea8d9d02b357f60da313e-driver-2559295488,3686400,0,2560x1440,1
1.4.341,coverage,0.0820000022649765,0,0.00100001692771912,0.301999986171722,NVIDIA GeForce RTX 5090,0.503000020980835,discrete_gpu,NVIDIA,0.0399999916553497,0.204999983310699,ALU_PROBE_96,51a3388a126ea8d9d02b357f60da313e-driver-2559295488,3686400,0,2560x1440,1
1.4.341,coverage,0.0820000022649765,0,0.00299999117851257,0.433999985456467,NVIDIA GeForce RTX 5090,0.671999990940094,discrete_gpu,NVIDIA,0.171999990940094,0.336999982595444,LUT_PROBE_16,51a3388a126ea8d9d02b357f60da313e-driver-2559295488,3686400,0,2560x1440,1
1.4.341,coverage,0.0810000002384186,0,0.00200000405311584,0.289000004529953,NVIDIA GeForce RTX 5090,0.310999989509583,discrete_gpu,NVIDIA,0.0270000100135803,0.19200000166893,APPROX_KAJIYA_KAY,51a3388a126ea8d9d02b357f60da313e-driver-2559295488,3686400,0,2560x1440,1
1.4.341,coverage,0.0829999968409538,0,0.00200000405311584,0.310999989509583,NVIDIA GeForce RTX 5090,0.535000026226044,discrete_gpu,NVIDIA,0.0489999949932098,0.21399998664856,FAST_MARSCHNER,51a3388a126ea8d9d02b357f60da313e-driver-2559295488,3686400,0,2560x1440,1
1.4.341,coverage,0.0790000036358833,0,0.00299999117851257,0.335999995470047,NVIDIA GeForce RTX 5090,0.560000002384186,discrete_gpu,NVIDIA,0.0740000009536743,0.238999992609024,CINEMATIC_MARSCHNER,51a3388a126ea8d9d02b357f60da313e-driver-2559295488,3686400,0,2560x1440,1
1.4.341,coverage,0.0769999995827675,0,0.00200000405311584,0.361000001430511,NVIDIA GeForce RTX 5090,0.583000004291534,discrete_gpu,NVIDIA,0.0990000069141388,0.263999998569489,REFERENCE_MARSCHNER,51a3388a126ea8d9d02b357f60da313e-driver-2559295488,3686400,0,2560x1440,1
1.4.341,coverage,0.0869999974966049,0,0.00100000202655792,0.0970000028610229,NVIDIA GeForce RTX 5090,0.116999998688698,discrete_gpu,NVIDIA,,,NO_HAIR,51a3388a126ea8d9d02b357f60da313e-driver-2559295488,3686400,1,2560x1440,1
1.4.341,coverage,0.0820000022649765,0,0.00200000405311584,0.25900000333786,NVIDIA GeForce RTX 5090,0.48199999332428,discrete_gpu,NVIDIA,,0.162000000476837,CARD_CONTROL,51a3388a126ea8d9d02b357f60da313e-driver-2559295488,3686400,1,2560x1440,1
1.4.341,coverage,0.0839999988675117,0,0.00200000405311584,0.29899999499321,NVIDIA GeForce RTX 5090,0.495000004768372,discrete_gpu,NVIDIA,0.0399999916553497,0.201999992132187,ALU_PROBE_96,51a3388a126ea8d9d02b357f60da313e-driver-2559295488,3686400,1,2560x1440,1
1.4.341,coverage,0.0839999988675117,0,0.00400000810623169,0.439999997615814,NVIDIA GeForce RTX 5090,0.662999987602234,discrete_gpu,NVIDIA,0.180999994277954,0.342999994754791,LUT_PROBE_16,51a3388a126ea8d9d02b357f60da313e-driver-2559295488,3686400,1,2560x1440,1
1.4.341,coverage,0.0839999988675117,0,0.00299999117851257,0.331000000238419,NVIDIA GeForce RTX 5090,0.546999990940094,discrete_gpu,NVIDIA,0.0719999969005585,0.233999997377396,CINEMATIC_MARSCHNER,51a3388a126ea8d9d02b357f60da313e-driver-2559295488,3686400,1,2560x1440,1
1.4.341,coverage,0.0810000002384186,0,0.00199997425079346,0.308999985456467,NVIDIA GeForce RTX 5090,0.509999990463257,discrete_gpu,NVIDIA,0.0499999821186066,0.211999982595444,FAST_MARSCHNER,51a3388a126ea8d9d02b357f60da313e-driver-2559295488,3686400,1,2560x1440,1
1.4.341,coverage,0.0829999968409538,0,0.00299999117851257,0.287000000476837,NVIDIA GeForce RTX 5090,0.310999989509583,discrete_gpu,NVIDIA,0.0279999971389771,0.189999997615814,APPROX_KAJIYA_KAY,51a3388a126ea8d9d02b357f60da313e-driver-2559295488,3686400,1,2560x1440,1
1.4.341,coverage,0.0829999968409538,0,0.00300002098083496,0.360000014305115,NVIDIA GeForce RTX 5090,0.38400000333786,discrete_gpu,NVIDIA,0.101000010967255,0.263000011444092,REFERENCE_MARSCHNER,51a3388a126ea8d9d02b357f60da313e-driver-2559295488,3686400,1,2560x1440,1
1.4.341,coverage,0.0780000016093254,0,0.000999994575977325,0.0970000028610229,NVIDIA GeForce RTX 5090,0.108999997377396,discrete_gpu,NVIDIA,,,NO_HAIR,51a3388a126ea8d9d02b357f60da313e-driver-2559295488,3686400,2,2560x1440,1
1.4.341,coverage,0.0790000036358833,0,0.00100001692771912,0.261000007390976,NVIDIA GeForce RTX 5090,0.270999997854233,discrete_gpu,NVIDIA,,0.164000004529953,CARD_CONTROL,51a3388a126ea8d9d02b357f60da313e-driver-2559295488,3686400,2,2560x1440,1
1.4.341,coverage,0.0790000036358833,0,0.000999987125396729,0.300999999046326,NVIDIA GeForce RTX 5090,0.510999977588654,discrete_gpu,NVIDIA,0.0399999916553497,0.203999996185303,ALU_PROBE_96,51a3388a126ea8d9d02b357f60da313e-driver-2559295488,3686400,2,2560x1440,1
1.4.341,coverage,0.0820000022649765,0,0.00200000405311584,0.437999993562698,NVIDIA GeForce RTX 5090,0.671999990940094,discrete_gpu,NVIDIA,0.176999986171722,0.340999990701675,LUT_PROBE_16,51a3388a126ea8d9d02b357f60da313e-driver-2559295488,3686400,2,2560x1440,1
1.4.341,coverage,0.0820000022649765,0,0.00100001692771912,0.333000004291534,NVIDIA GeForce RTX 5090,0.34799998998642,discrete_gpu,NVIDIA,0.0719999969005585,0.236000001430511,CINEMATIC_MARSCHNER,51a3388a126ea8d9d02b357f60da313e-driver-2559295488,3686400,2,2560x1440,1
1.4.341,coverage,0.0850000008940697,0,0.00100001692771912,0.360000014305115,NVIDIA GeForce RTX 5090,0.374000012874603,discrete_gpu,NVIDIA,0.0990000069141388,0.263000011444092,REFERENCE_MARSCHNER,51a3388a126ea8d9d02b357f60da313e-driver-2559295488,3686400,2,2560x1440,1
1.4.341,coverage,0.0860000029206276,0,0.00200000405311584,0.28999999165535,NVIDIA GeForce RTX 5090,0.305000007152557,discrete_gpu,NVIDIA,0.0289999842643738,0.192999988794327,APPROX_KAJIYA_KAY,51a3388a126ea8d9d02b357f60da313e-driver-2559295488,3686400,2,2560x1440,1
1.4.341,coverage,0.0920000001788139,0,0.00200000405311584,0.312999993562698,NVIDIA GeForce RTX 5090,0.335999995470047,discrete_gpu,NVIDIA,0.0519999861717224,0.215999990701675,FAST_MARSCHNER,51a3388a126ea8d9d02b357f60da313e-driver-2559295488,3686400,2,2560x1440,1
1.4.341,coverage,0.0799999982118607,0,0.00100000202655792,0.0970000028610229,NVIDIA GeForce RTX 5090,0.115000002086163,discrete_gpu,NVIDIA,,,NO_HAIR,51a3388a126ea8d9d02b357f60da313e-driver-2559295488,3686400,3,2560x1440,1
1.4.341,coverage,0.0829999968409538,0,0.00100001692771912,0.261000007390976,NVIDIA GeForce RTX 5090,0.280000001192093,discrete_gpu,NVIDIA,,0.164000004529953,CARD_CONTROL,51a3388a126ea8d9d02b357f60da313e-driver-2559295488,3686400,3,2560x1440,1
1.4.341,coverage,0.0780000016093254,0,0.00200000405311584,0.300999999046326,NVIDIA GeForce RTX 5090,0.527999997138977,discrete_gpu,NVIDIA,0.0399999916553497,0.203999996185303,ALU_PROBE_96,51a3388a126ea8d9d02b357f60da313e-driver-2559295488,3686400,3,2560x1440,1
1.4.341,coverage,0.0790000036358833,0,0.00300002098083496,0.441000014543533,NVIDIA GeForce RTX 5090,0.669000029563904,discrete_gpu,NVIDIA,0.180000007152557,0.34400001168251,LUT_PROBE_16,51a3388a126ea8d9d02b357f60da313e-driver-2559295488,3686400,3,2560x1440,1
1.4.341,coverage,0.0769999995827675,0,0.00200000405311584,0.289000004529953,NVIDIA GeForce RTX 5090,0.51800000667572,discrete_gpu,NVIDIA,0.0279999971389771,0.19200000166893,APPROX_KAJIYA_KAY,51a3388a126ea8d9d02b357f60da313e-driver-2559295488,3686400,3,2560x1440,1
1.4.341,coverage,0.0769999995827675,0,0.00200000405311584,0.361000001430511,NVIDIA GeForce RTX 5090,0.379999995231628,discrete_gpu,NVIDIA,0.0999999940395355,0.263999998569489,REFERENCE_MARSCHNER,51a3388a126ea8d9d02b357f60da313e-driver-2559295488,3686400,3,2560x1440,1
1.4.341,coverage,0.0769999995827675,0,0.00200000405311584,0.333000004291534,NVIDIA GeForce RTX 5090,0.358000010251999,discrete_gpu,NVIDIA,0.0719999969005585,0.236000001430511,CINEMATIC_MARSCHNER,51a3388a126ea8d9d02b357f60da313e-driver-2559295488,3686400,3,2560x1440,1
1.4.341,coverage,0.0780000016093254,0,0.00200000405311584,0.312999993562698,NVIDIA GeForce RTX 5090,0.560000002384186,discrete_gpu,NVIDIA,0.0519999861717224,0.215999990701675,FAST_MARSCHNER,51a3388a126ea8d9d02b357f60da313e-driver-2559295488,3686400,3,2560x1440,1
1.4.341,coverage,0.0729999989271164,0,0.0,0.0970000028610229,NVIDIA GeForce RTX 5090,0.108999997377396,discrete_gpu,NVIDIA,,,NO_HAIR,51a3388a126ea8d9d02b357f60da313e-driver-2559295488,3686400,4,2560x1440,1
1.4.341,coverage,0.0769999995827675,0,0.000999987125396729,0.261000007390976,NVIDIA GeForce RTX 5090,0.275000005960464,discrete_gpu,NVIDIA,,0.164000004529953,CARD_CONTROL,51a3388a126ea8d9d02b357f60da313e-driver-2559295488,3686400,4,2560x1440,1
1.4.341,coverage,0.0769999995827675,0,0.000999987125396729,0.300999999046326,NVIDIA GeForce RTX 5090,0.326999992132187,discrete_gpu,NVIDIA,0.0399999916553497,0.203999996185303,ALU_PROBE_96,51a3388a126ea8d9d02b357f60da313e-driver-2559295488,3686400,4,2560x1440,1
1.4.341,coverage,0.0769999995827675,0,0.00200000405311584,0.441000014543533,NVIDIA GeForce RTX 5090,0.683000028133392,discrete_gpu,NVIDIA,0.180000007152557,0.34400001168251,LUT_PROBE_16,51a3388a126ea8d9d02b357f60da313e-driver-2559295488,3686400,4,2560x1440,1
1.4.341,coverage,0.0780000016093254,0,0.00100001692771912,0.291000008583069,NVIDIA GeForce RTX 5090,0.49099999666214,discrete_gpu,NVIDIA,0.0300000011920929,0.194000005722046,APPROX_KAJIYA_KAY,51a3388a126ea8d9d02b357f60da313e-driver-2559295488,3686400,4,2560x1440,1
1.4.341,coverage,0.0769999995827675,0,0.00100001692771912,0.312000006437302,NVIDIA GeForce RTX 5090,0.554000020027161,discrete_gpu,NVIDIA,0.0509999990463257,0.215000003576279,FAST_MARSCHNER,51a3388a126ea8d9d02b357f60da313e-driver-2559295488,3686400,4,2560x1440,1
1.4.341,coverage,0.0769999995827675,0,0.00200000405311584,0.335999995470047,NVIDIA GeForce RTX 5090,0.566999971866608,discrete_gpu,NVIDIA,0.074999988079071,0.238999992609024,CINEMATIC_MARSCHNER,51a3388a126ea8d9d02b357f60da313e-driver-2559295488,3686400,4,2560x1440,1
1.4.341,coverage,0.0769999995827675,0,0.00100001692771912,0.360000014305115,NVIDIA GeForce RTX 5090,0.579999983310699,discrete_gpu,NVIDIA,0.0990000069141388,0.263000011444092,REFERENCE_MARSCHNER,51a3388a126ea8d9d02b357f60da313e-driver-2559295488,3686400,4,2560x1440,1
1.4.341,coverage,0.0750000029802322,3,0.00100000202655792,0.105999998748302,NVIDIA GeForce RTX 5090,0.130999997258186,discrete_gpu,NVIDIA,,,NO_HAIR,51a3388a126ea8d9d02b357f60da313e-driver-2559295488,3686400,0,2560x1440,4
1.4.341,coverage,0.0769999995827675,3,0.00100001692771912,0.26800000667572,NVIDIA GeForce RTX 5090,0.289000004529953,discrete_gpu,NVIDIA,,0.162000007927418,CARD_CONTROL,51a3388a126ea8d9d02b357f60da313e-driver-2559295488,3686400,0,2560x1440,4
1.4.341,coverage,0.0769999995827675,3,0.000999987125396729,0.30799999833107,NVIDIA GeForce RTX 5090,0.32600000500679,discrete_gpu,NVIDIA,0.0399999916553497,0.201999999582767,ALU_PROBE_96,51a3388a126ea8d9d02b357f60da313e-driver-2559295488,3686400,0,2560x1440,4
1.4.341,coverage,0.0780000016093254,3,0.00200000405311584,0.446999996900558,NVIDIA GeForce RTX 5090,0.693000018596649,discrete_gpu,NVIDIA,0.178999990224838,0.340999998152256,LUT_PROBE_16,51a3388a126ea8d9d02b357f60da313e-driver-2559295488,3686400,0,2560x1440,4
1.4.341,coverage,0.0799999982118607,3,0.00100001692771912,0.33500000834465,NVIDIA GeForce RTX 5090,0.563000023365021,discrete_gpu,NVIDIA,0.0670000016689301,0.229000009596348,APPROX_KAJIYA_KAY,51a3388a126ea8d9d02b357f60da313e-driver-2559295488,3686400,0,2560x1440,4
1.4.341,coverage,0.0790000036358833,3,0.00200000405311584,0.365000009536743,NVIDIA GeForce RTX 5090,0.386000007390976,discrete_gpu,NVIDIA,0.0970000028610229,0.259000010788441,FAST_MARSCHNER,51a3388a126ea8d9d02b357f60da313e-driver-2559295488,3686400,0,2560x1440,4
1.4.341,coverage,0.0820000022649765,3,0.00200000405311584,0.46900001168251,NVIDIA GeForce RTX 5090,0.708000004291534,discrete_gpu,NVIDIA,0.20100000500679,0.363000012934208,CINEMATIC_MARSCHNER,51a3388a126ea8d9d02b357f60da313e-driver-2559295488,3686400,0,2560x1440,4
1.4.341,coverage,0.0799999982118607,3,0.00200000405311584,0.430999994277954,NVIDIA GeForce RTX 5090,0.653999984264374,discrete_gpu,NVIDIA,0.162999987602234,0.324999995529652,REFERENCE_MARSCHNER,51a3388a126ea8d9d02b357f60da313e-driver-2559295488,3686400,0,2560x1440,4
1.4.341,coverage,0.0780000016093254,3,0.000999994575977325,0.104999996721745,NVIDIA GeForce RTX 5090,0.128000006079674,discrete_gpu,NVIDIA,,,NO_HAIR,51a3388a126ea8d9d02b357f60da313e-driver-2559295488,3686400,1,2560x1440,4
1.4.341,coverage,0.0820000022649765,3,0.000999987125396729,0.266999989748001,NVIDIA GeForce RTX 5090,0.28999999165535,discrete_gpu,NVIDIA,,0.161999993026257,CARD_CONTROL,51a3388a126ea8d9d02b357f60da313e-driver-2559295488,3686400,1,2560x1440,4
1.4.341,coverage,0.0790000036358833,3,0.00100001692771912,0.307000011205673,NVIDIA GeForce RTX 5090,0.528999984264374,discrete_gpu,NVIDIA,0.0400000214576721,0.202000014483929,ALU_PROBE_96,51a3388a126ea8d9d02b357f60da313e-driver-2559295488,3686400,1,2560x1440,4
1.4.341,coverage,0.0799999982118607,3,0.00299999117851257,0.446999996900558,NVIDIA GeForce RTX 5090,0.689000010490417,discrete_gpu,NVIDIA,0.180000007152557,0.342000000178814,LUT_PROBE_16,51a3388a126ea8d9d02b357f60da313e-driver-2559295488,3686400,1,2560x1440,4
1.4.341,coverage,0.0790000036358833,3,0.00299999117851257,0.465999990701675,NVIDIA GeForce RTX 5090,0.708000004291534,discrete_gpu,NVIDIA,0.199000000953674,0.360999993979931,CINEMATIC_MARSCHNER,51a3388a126ea8d9d02b357f60da313e-driver-2559295488,3686400,1,2560x1440,4
1.4.341,coverage,0.0790000036358833,3,0.00200000405311584,0.363999992609024,NVIDIA GeForce RTX 5090,0.583000004291534,discrete_gpu,NVIDIA,0.0970000028610229,0.25899999588728,FAST_MARSCHNER,51a3388a126ea8d9d02b357f60da313e-driver-2559295488,3686400,1,2560x1440,4
1.4.341,coverage,0.0790000036358833,3,0.00200000405311584,0.333000004291534,NVIDIA GeForce RTX 5090,0.35699999332428,discrete_gpu,NVIDIA,0.0660000145435333,0.22800000756979,APPROX_KAJIYA_KAY,51a3388a126ea8d9d02b357f60da313e-driver-2559295488,3686400,1,2560x1440,4
1.4.341,coverage,0.0799999982118607,3,0.00200000405311584,0.428999990224838,NVIDIA GeForce RTX 5090,0.648999989032745,discrete_gpu,NVIDIA,0.162000000476837,0.323999993503094,REFERENCE_MARSCHNER,51a3388a126ea8d9d02b357f60da313e-driver-2559295488,3686400,1,2560x1440,4
1.4.341,coverage,0.0719999969005585,3,0.000999994575977325,0.104999996721745,NVIDIA GeForce RTX 5090,0.116999998688698,discrete_gpu,NVIDIA,,,NO_HAIR,51a3388a126ea8d9d02b357f60da313e-driver-2559295488,3686400,2,2560x1440,4
1.4.341,coverage,0.0780000016093254,3,0.00100001692771912,0.266999989748001,NVIDIA GeForce RTX 5090,0.277999997138977,discrete_gpu,NVIDIA,,0.161999993026257,CARD_CONTROL,51a3388a126ea8d9d02b357f60da313e-driver-2559295488,3686400,2,2560x1440,4
1.4.341,coverage,0.0769999995827675,3,0.00100001692771912,0.307000011205673,NVIDIA GeForce RTX 5090,0.323000013828278,discrete_gpu,NVIDIA,0.0400000214576721,0.202000014483929,ALU_PROBE_96,51a3388a126ea8d9d02b357f60da313e-driver-2559295488,3686400,2,2560x1440,4
1.4.341,coverage,0.0769999995827675,3,0.00200000405311584,0.446000009775162,NVIDIA GeForce RTX 5090,0.676999986171722,discrete_gpu,NVIDIA,0.179000020027161,0.341000013053417,LUT_PROBE_16,51a3388a126ea8d9d02b357f60da313e-driver-2559295488,3686400,2,2560x1440,4
1.4.341,coverage,0.0769999995827675,3,0.00200000405311584,0.465999990701675,NVIDIA GeForce RTX 5090,0.703000009059906,discrete_gpu,NVIDIA,0.199000000953674,0.360999993979931,CINEMATIC_MARSCHNER,51a3388a126ea8d9d02b357f60da313e-driver-2559295488,3686400,2,2560x1440,4
1.4.341,coverage,0.0769999995827675,3,0.00200000405311584,0.430000007152557,NVIDIA GeForce RTX 5090,0.662000000476837,discrete_gpu,NVIDIA,0.163000017404556,0.325000010430813,REFERENCE_MARSCHNER,51a3388a126ea8d9d02b357f60da313e-driver-2559295488,3686400,2,2560x1440,4
1.4.341,coverage,0.0780000016093254,3,0.00200000405311584,0.333999991416931,NVIDIA GeForce RTX 5090,0.351000010967255,discrete_gpu,NVIDIA,0.0670000016689301,0.228999994695187,APPROX_KAJIYA_KAY,51a3388a126ea8d9d02b357f60da313e-driver-2559295488,3686400,2,2560x1440,4
1.4.341,coverage,0.0780000016093254,3,0.00200000405311584,0.363999992609024,NVIDIA GeForce RTX 5090,0.591000020503998,discrete_gpu,NVIDIA,0.0970000028610229,0.25899999588728,FAST_MARSCHNER,51a3388a126ea8d9d02b357f60da313e-driver-2559295488,3686400,2,2560x1440,4
1.4.341,coverage,0.0790000036358833,3,0.000999994575977325,0.104999996721745,NVIDIA GeForce RTX 5090,0.126000002026558,discrete_gpu,NVIDIA,,,NO_HAIR,51a3388a126ea8d9d02b357f60da313e-driver-2559295488,3686400,3,2560x1440,4
1.4.341,coverage,0.0839999988675117,3,0.00200000405311584,0.266000002622604,NVIDIA GeForce RTX 5090,0.287999987602234,discrete_gpu,NVIDIA,,0.16100000590086,CARD_CONTROL,51a3388a126ea8d9d02b357f60da313e-driver-2559295488,3686400,3,2560x1440,4
1.4.341,coverage,0.0799999982118607,3,0.00200000405311584,0.305999994277954,NVIDIA GeForce RTX 5090,0.541000008583069,discrete_gpu,NVIDIA,0.0399999916553497,0.20099999755621,ALU_PROBE_96,51a3388a126ea8d9d02b357f60da313e-driver-2559295488,3686400,3,2560x1440,4
1.4.341,coverage,0.0790000036358833,3,0.00299999117851257,0.446999996900558,NVIDIA GeForce RTX 5090,0.684000015258789,discrete_gpu,NVIDIA,0.180999994277954,0.342000000178814,LUT_PROBE_16,51a3388a126ea8d9d02b357f60da313e-driver-2559295488,3686400,3,2560x1440,4
1.4.341,coverage,0.0799999982118607,3,0.00299999117851257,0.333000004291534,NVIDIA GeForce RTX 5090,0.569000005722046,discrete_gpu,NVIDIA,0.0670000016689301,0.22800000756979,APPROX_KAJIYA_KAY,51a3388a126ea8d9d02b357f60da313e-driver-2559295488,3686400,3,2560x1440,4
1.4.341,coverage,0.0810000002384186,3,0.00299999117851257,0.430999994277954,NVIDIA GeForce RTX 5090,0.671000003814697,discrete_gpu,NVIDIA,0.16499999165535,0.32599999755621,REFERENCE_MARSCHNER,51a3388a126ea8d9d02b357f60da313e-driver-2559295488,3686400,3,2560x1440,4
1.4.341,coverage,0.0820000022649765,3,0.00200000405311584,0.465000003576279,NVIDIA GeForce RTX 5090,0.690999984741211,discrete_gpu,NVIDIA,0.199000000953674,0.360000006854534,CINEMATIC_MARSCHNER,51a3388a126ea8d9d02b357f60da313e-driver-2559295488,3686400,3,2560x1440,4
1.4.341,coverage,0.0810000002384186,3,0.00299999117851257,0.361000001430511,NVIDIA GeForce RTX 5090,0.597000002861023,discrete_gpu,NVIDIA,0.0949999988079071,0.256000004708767,FAST_MARSCHNER,51a3388a126ea8d9d02b357f60da313e-driver-2559295488,3686400,3,2560x1440,4
1.4.341,coverage,0.0740000009536743,3,0.0,0.104999996721745,NVIDIA GeForce RTX 5090,0.116999998688698,discrete_gpu,NVIDIA,,,NO_HAIR,51a3388a126ea8d9d02b357f60da313e-driver-2559295488,3686400,4,2560x1440,4
1.4.341,coverage,0.0780000016093254,3,0.00100001692771912,0.266000002622604,NVIDIA GeForce RTX 5090,0.474999994039536,discrete_gpu,NVIDIA,,0.16100000590086,CARD_CONTROL,51a3388a126ea8d9d02b357f60da313e-driver-2559295488,3686400,4,2560x1440,4
1.4.341,coverage,0.0769999995827675,3,0.00100001692771912,0.305999994277954,NVIDIA GeForce RTX 5090,0.314999997615814,discrete_gpu,NVIDIA,0.0399999916553497,0.20099999755621,ALU_PROBE_96,51a3388a126ea8d9d02b357f60da313e-driver-2559295488,3686400,4,2560x1440,4
1.4.341,coverage,0.0769999995827675,3,0.00200000405311584,0.435999989509583,NVIDIA GeForce RTX 5090,0.677999973297119,discrete_gpu,NVIDIA,0.169999986886978,0.330999992787838,LUT_PROBE_16,51a3388a126ea8d9d02b357f60da313e-driver-2559295488,3686400,4,2560x1440,4
1.4.341,coverage,0.0769999995827675,3,0.00100001692771912,0.331999987363815,NVIDIA GeForce RTX 5090,0.351000010967255,discrete_gpu,NVIDIA,0.0659999847412109,0.226999990642071,APPROX_KAJIYA_KAY,51a3388a126ea8d9d02b357f60da313e-driver-2559295488,3686400,4,2560x1440,4
1.4.341,coverage,0.0759999975562096,3,0.00100001692771912,0.360000014305115,NVIDIA GeForce RTX 5090,0.583999991416931,discrete_gpu,NVIDIA,0.0940000116825104,0.25500001758337,FAST_MARSCHNER,51a3388a126ea8d9d02b357f60da313e-driver-2559295488,3686400,4,2560x1440,4
1.4.341,coverage,0.0780000016093254,3,0.00200000405311584,0.465000003576279,NVIDIA GeForce RTX 5090,0.709999978542328,discrete_gpu,NVIDIA,0.199000000953674,0.360000006854534,CINEMATIC_MARSCHNER,51a3388a126ea8d9d02b357f60da313e-driver-2559295488,3686400,4,2560x1440,4
1.4.341,coverage,0.0769999995827675,3,0.00100001692771912,0.428999990224838,NVIDIA GeForce RTX 5090,0.657999992370605,discrete_gpu,NVIDIA,0.162999987602234,0.323999993503094,REFERENCE_MARSCHNER,51a3388a126ea8d9d02b357f60da313e-driver-2559295488,3686400,4,2560x1440,4
1.4.341,coverage,0.0780000016093254,7,0.000999994575977325,0.11599999666214,NVIDIA GeForce RTX 5090,0.129999995231628,discrete_gpu,NVIDIA,,,NO_HAIR,51a3388a126ea8d9d02b357f60da313e-driver-2559295488,3686400,0,2560x1440,8
1.4.341,coverage,0.0869999974966049,7,0.00199997425079346,0.273999989032745,NVIDIA GeForce RTX 5090,0.291999995708466,discrete_gpu,NVIDIA,,0.157999992370605,CARD_CONTROL,51a3388a126ea8d9d02b357f60da313e-driver-2559295488,3686400,0,2560x1440,8
1.4.341,coverage,0.0829999968409538,7,0.00200000405311584,0.312999993562698,NVIDIA GeForce RTX 5090,0.32600000500679,discrete_gpu,NVIDIA,0.039000004529953,0.196999996900558,ALU_PROBE_96,51a3388a126ea8d9d02b357f60da313e-driver-2559295488,3686400,0,2560x1440,8
1.4.341,coverage,0.0869999974966049,7,0.00300002098083496,0.453000009059906,NVIDIA GeForce RTX 5090,0.483999997377396,discrete_gpu,NVIDIA,0.179000020027161,0.337000012397766,LUT_PROBE_16,51a3388a126ea8d9d02b357f60da313e-driver-2559295488,3686400,0,2560x1440,8
1.4.341,coverage,0.0820000022649765,7,0.00200000405311584,0.39300000667572,NVIDIA GeForce RTX 5090,0.407999992370605,discrete_gpu,NVIDIA,0.119000017642975,0.27700001001358,APPROX_KAJIYA_KAY,51a3388a126ea8d9d02b357f60da313e-driver-2559295488,3686400,0,2560x1440,8
1.4.341,coverage,0.0820000022649765,7,0.00200000405311584,0.444000005722046,NVIDIA GeForce RTX 5090,0.456000000238419,discrete_gpu,NVIDIA,0.170000016689301,0.328000009059906,FAST_MARSCHNER,51a3388a126ea8d9d02b357f60da313e-driver-2559295488,3686400,0,2560x1440,8
1.4.341,coverage,0.0820000022649765,7,0.00299996137619019,0.644999980926514,NVIDIA GeForce RTX 5090,0.665000021457672,discrete_gpu,NVIDIA,0.370999991893768,0.528999984264374,CINEMATIC_MARSCHNER,51a3388a126ea8d9d02b357f60da313e-driver-2559295488,3686400,0,2560x1440,8
1.4.341,coverage,0.0810000002384186,7,0.00200003385543823,0.526000022888184,NVIDIA GeForce RTX 5090,0.546000003814697,discrete_gpu,NVIDIA,0.252000033855438,0.410000026226044,REFERENCE_MARSCHNER,51a3388a126ea8d9d02b357f60da313e-driver-2559295488,3686400,0,2560x1440,8
1.4.341,coverage,0.0750000029802322,7,0.000999994575977325,0.11599999666214,NVIDIA GeForce RTX 5090,0.136000007390976,discrete_gpu,NVIDIA,,,NO_HAIR,51a3388a126ea8d9d02b357f60da313e-driver-2559295488,3686400,1,2560x1440,8
1.4.341,coverage,0.0780000016093254,7,0.00100001692771912,0.27700001001358,NVIDIA GeForce RTX 5090,0.28999999165535,discrete_gpu,NVIDIA,,0.16100001335144,CARD_CONTROL,51a3388a126ea8d9d02b357f60da313e-driver-2559295488,3686400,1,2560x1440,8
1.4.341,coverage,0.0799999982118607,7,0.00200000405311584,0.31700000166893,NVIDIA GeForce RTX 5090,0.331000000238419,discrete_gpu,NVIDIA,0.0399999916553497,0.20100000500679,ALU_PROBE_96,51a3388a126ea8d9d02b357f60da313e-driver-2559295488,3686400,1,2560x1440,8
1.4.341,coverage,0.0799999982118607,7,0.00300002098083496,0.46000000834465,NVIDIA GeForce RTX 5090,0.477999985218048,discrete_gpu,NVIDIA,0.18299999833107,0.34400001168251,LUT_PROBE_16,51a3388a126ea8d9d02b357f60da313e-driver-2559295488,3686400,1,2560x1440,8
1.4.341,coverage,0.0799999982118607,7,0.00399994850158691,0.651000022888184,NVIDIA GeForce RTX 5090,0.90200001001358,discrete_gpu,NVIDIA,0.374000012874603,0.535000026226044,CINEMATIC_MARSCHNER,51a3388a126ea8d9d02b357f60da313e-driver-2559295488,3686400,1,2560x1440,8
1.4.341,coverage,0.0790000036358833,7,0.00200000405311584,0.446999996900558,NVIDIA GeForce RTX 5090,0.685000002384186,discrete_gpu,NVIDIA,0.169999986886978,0.331000000238419,FAST_MARSCHNER,51a3388a126ea8d9d02b357f60da313e-driver-2559295488,3686400,1,2560x1440,8
1.4.341,coverage,0.0790000036358833,7,0.00200000405311584,0.395999997854233,NVIDIA GeForce RTX 5090,0.632000029087067,discrete_gpu,NVIDIA,0.118999987840652,0.280000001192093,APPROX_KAJIYA_KAY,51a3388a126ea8d9d02b357f60da313e-driver-2559295488,3686400,1,2560x1440,8
1.4.341,coverage,0.0790000036358833,7,0.00200003385543823,0.532000005245209,NVIDIA GeForce RTX 5090,0.774999976158142,discrete_gpu,NVIDIA,0.254999995231628,0.416000008583069,REFERENCE_MARSCHNER,51a3388a126ea8d9d02b357f60da313e-driver-2559295488,3686400,1,2560x1440,8
1.4.341,coverage,0.0769999995827675,7,0.0,0.11599999666214,NVIDIA GeForce RTX 5090,0.128000006079674,discrete_gpu,NVIDIA,,,NO_HAIR,51a3388a126ea8d9d02b357f60da313e-driver-2559295488,3686400,2,2560x1440,8
1.4.341,coverage,0.0780000016093254,7,0.00100001692771912,0.275999993085861,NVIDIA GeForce RTX 5090,0.291000008583069,discrete_gpu,NVIDIA,,0.159999996423721,CARD_CONTROL,51a3388a126ea8d9d02b357f60da313e-driver-2559295488,3686400,2,2560x1440,8
1.4.341,coverage,0.0780000016093254,7,0.00100001692771912,0.316000014543533,NVIDIA GeForce RTX 5090,0.527999997138977,discrete_gpu,NVIDIA,0.0400000214576721,0.200000017881393,ALU_PROBE_96,51a3388a126ea8d9d02b357f60da313e-driver-2559295488,3686400,2,2560x1440,8
1.4.341,coverage,0.0790000036358833,7,0.00200000405311584,0.458000004291534,NVIDIA GeForce RTX 5090,0.675000011920929,discrete_gpu,NVIDIA,0.182000011205673,0.342000007629395,LUT_PROBE_16,51a3388a126ea8d9d02b357f60da313e-driver-2559295488,3686400,2,2560x1440,8
1.4.341,coverage,0.0810000002384186,7,0.00299996137619019,0.648999989032745,NVIDIA GeForce RTX 5090,0.873000025749207,discrete_gpu,NVIDIA,0.372999995946884,0.532999992370605,CINEMATIC_MARSCHNER,51a3388a126ea8d9d02b357f60da313e-driver-2559295488,3686400,2,2560x1440,8
1.4.341,coverage,0.0790000036358833,7,0.0010000467300415,0.529999971389771,NVIDIA GeForce RTX 5090,0.760999977588654,discrete_gpu,NVIDIA,0.253999978303909,0.413999974727631,REFERENCE_MARSCHNER,51a3388a126ea8d9d02b357f60da313e-driver-2559295488,3686400,2,2560x1440,8
1.4.341,coverage,0.0799999982118607,7,0.00200000405311584,0.395000010728836,NVIDIA GeForce RTX 5090,0.416000008583069,discrete_gpu,NVIDIA,0.119000017642975,0.279000014066696,APPROX_KAJIYA_KAY,51a3388a126ea8d9d02b357f60da313e-driver-2559295488,3686400,2,2560x1440,8
1.4.341,coverage,0.0799999982118607,7,0.00200000405311584,0.446000009775162,NVIDIA GeForce RTX 5090,0.656000018119812,discrete_gpu,NVIDIA,0.170000016689301,0.330000013113022,FAST_MARSCHNER,51a3388a126ea8d9d02b357f60da313e-driver-2559295488,3686400,2,2560x1440,8
1.4.341,coverage,0.0780000016093254,7,0.0,0.11599999666214,NVIDIA GeForce RTX 5090,0.136999994516373,discrete_gpu,NVIDIA,,,NO_HAIR,51a3388a126ea8d9d02b357f60da313e-driver-2559295488,3686400,3,2560x1440,8
1.4.341,coverage,0.0839999988675117,7,0.00200000405311584,0.275999993085861,NVIDIA GeForce RTX 5090,0.300000011920929,discrete_gpu,NVIDIA,,0.159999996423721,CARD_CONTROL,51a3388a126ea8d9d02b357f60da313e-driver-2559295488,3686400,3,2560x1440,8
1.4.341,coverage,0.0799999982118607,7,0.00200000405311584,0.314999997615814,NVIDIA GeForce RTX 5090,0.333999991416931,discrete_gpu,NVIDIA,0.039000004529953,0.199000000953674,ALU_PROBE_96,51a3388a126ea8d9d02b357f60da313e-driver-2559295488,3686400,3,2560x1440,8
1.4.341,coverage,0.0780000016093254,7,0.00299999117851257,0.456000000238419,NVIDIA GeForce RTX 5090,0.675000011920929,discrete_gpu,NVIDIA,0.180000007152557,0.340000003576279,LUT_PROBE_16,51a3388a126ea8d9d02b357f60da313e-driver-2559295488,3686400,3,2560x1440,8
1.4.341,coverage,0.090999998152256,7,0.00300002098083496,0.395000010728836,NVIDIA GeForce RTX 5090,0.611999988555908,discrete_gpu,NVIDIA,0.119000017642975,0.279000014066696,APPROX_KAJIYA_KAY,51a3388a126ea8d9d02b357f60da313e-driver-2559295488,3686400,3,2560x1440,8
1.4.341,coverage,0.101999998092651,7,0.00699996948242188,0.535000026226044,NVIDIA GeForce RTX 5090,0.771000027656555,discrete_gpu,NVIDIA,0.259000033140183,0.419000029563904,REFERENCE_MARSCHNER,51a3388a126ea8d9d02b357f60da313e-driver-2559295488,3686400,3,2560x1440,8
1.4.341,coverage,0.0879999995231628,7,0.00499999523162842,0.651000022888184,NVIDIA GeForce RTX 5090,0.889999985694885,discrete_gpu,NVIDIA,0.375000029802322,0.535000026226044,CINEMATIC_MARSCHNER,51a3388a126ea8d9d02b357f60da313e-driver-2559295488,3686400,3,2560x1440,8
1.4.341,coverage,0.0869999974966049,7,0.00299999117851257,0.444999992847443,NVIDIA GeForce RTX 5090,0.677999973297119,discrete_gpu,NVIDIA,0.168999999761581,0.328999996185303,FAST_MARSCHNER,51a3388a126ea8d9d02b357f60da313e-driver-2559295488,3686400,3,2560x1440,8
1.4.341,coverage,0.0970000028610229,7,0.0,0.11599999666214,NVIDIA GeForce RTX 5090,0.130999997258186,discrete_gpu,NVIDIA,,,NO_HAIR,51a3388a126ea8d9d02b357f60da313e-driver-2559295488,3686400,4,2560x1440,8
1.4.341,coverage,0.0829999968409538,7,0.00100001692771912,0.27700001001358,NVIDIA GeForce RTX 5090,0.282999992370605,discrete_gpu,NVIDIA,,0.16100001335144,CARD_CONTROL,51a3388a126ea8d9d02b357f60da313e-driver-2559295488,3686400,4,2560x1440,8
1.4.341,coverage,0.0810000002384186,7,0.000999987125396729,0.31700000166893,NVIDIA GeForce RTX 5090,0.323000013828278,discrete_gpu,NVIDIA,0.0399999916553497,0.20100000500679,ALU_PROBE_96,51a3388a126ea8d9d02b357f60da313e-driver-2559295488,3686400,4,2560x1440,8
1.4.341,coverage,0.0810000002384186,7,0.00200000405311584,0.46000000834465,NVIDIA GeForce RTX 5090,0.467999994754791,discrete_gpu,NVIDIA,0.18299999833107,0.34400001168251,LUT_PROBE_16,51a3388a126ea8d9d02b357f60da313e-driver-2559295488,3686400,4,2560x1440,8
1.4.341,coverage,0.0780000016093254,7,0.00100001692771912,0.395000010728836,NVIDIA GeForce RTX 5090,0.405000001192093,discrete_gpu,NVIDIA,0.118000000715256,0.279000014066696,APPROX_KAJIYA_KAY,51a3388a126ea8d9d02b357f60da313e-driver-2559295488,3686400,4,2560x1440,8
1.4.341,coverage,0.0790000036358833,7,0.00100001692771912,0.444999992847443,NVIDIA GeForce RTX 5090,0.455000013113022,discrete_gpu,NVIDIA,0.167999982833862,0.328999996185303,FAST_MARSCHNER,51a3388a126ea8d9d02b357f60da313e-driver-2559295488,3686400,4,2560x1440,8
1.4.341,coverage,0.0790000036358833,7,0.00200003385543823,0.649999976158142,NVIDIA GeForce RTX 5090,0.999000012874603,discrete_gpu,NVIDIA,0.372999966144562,0.533999979496002,CINEMATIC_MARSCHNER,51a3388a126ea8d9d02b357f60da313e-driver-2559295488,3686400,4,2560x1440,8
1.4.341,coverage,0.0780000016093254,7,0.000999987125396729,0.528999984264374,NVIDIA GeForce RTX 5090,0.731000006198883,discrete_gpu,NVIDIA,0.251999974250793,0.412999987602234,REFERENCE_MARSCHNER,51a3388a126ea8d9d02b357f60da313e-driver-2559295488,3686400,4,2560x1440,8
1.3.302,cards,0.0850000008940697,0,0.0180000066757202,1.22899997234344,AMD Radeon(TM) Graphics,1.29700005054474,integrated_gpu,AMD,,,NO_HAIR,bc073883f0825c97af93c4a4e36fa1e2-driver-8388939,921600,0,1280x720,1
1.3.302,cards,0.131999999284744,0,0.0329999923706055,4.10500001907349,AMD Radeon(TM) Graphics,4.21299982070923,integrated_gpu,AMD,,2.87600004673004,CARD_CONTROL,bc073883f0825c97af93c4a4e36fa1e2-driver-8388939,921600,0,1280x720,1
1.3.302,cards,0.136999994516373,0,0.0289998054504395,5.14799976348877,AMD Radeon(TM) Graphics,5.23000001907349,integrated_gpu,AMD,1.04299974441528,3.91899979114532,ALU_PROBE_96,bc073883f0825c97af93c4a4e36fa1e2-driver-8388939,921600,0,1280x720,1
1.3.302,cards,0.261999994516373,0,0.22700023651123,8.69200038909912,AMD Radeon(TM) Graphics,9.75699996948242,integrated_gpu,AMD,4.58700037002563,7.46300041675568,LUT_PROBE_16,bc073883f0825c97af93c4a4e36fa1e2-driver-8388939,921600,0,1280x720,1
1.3.302,cards,0.193000003695488,0,0.10699987411499,4.94099998474121,AMD Radeon(TM) Graphics,5.24399995803833,integrated_gpu,AMD,0.835999965667725,3.71200001239777,APPROX_KAJIYA_KAY,bc073883f0825c97af93c4a4e36fa1e2-driver-8388939,921600,0,1280x720,1
1.3.302,cards,0.123999997973442,0,0.0329999923706055,5.15799999237061,AMD Radeon(TM) Graphics,5.30499982833862,integrated_gpu,AMD,1.05299997329712,3.92900002002716,FAST_MARSCHNER,bc073883f0825c97af93c4a4e36fa1e2-driver-8388939,921600,0,1280x720,1
1.3.302,cards,0.136000007390976,0,0.0359997749328613,5.82200002670288,AMD Radeon(TM) Graphics,5.92500019073486,integrated_gpu,AMD,1.71700000762939,4.59300005435944,CINEMATIC_MARSCHNER,bc073883f0825c97af93c4a4e36fa1e2-driver-8388939,921600,0,1280x720,1
1.3.302,cards,0.126000002026558,0,0.0349998474121094,5.30000019073486,AMD Radeon(TM) Graphics,5.39499998092651,integrated_gpu,AMD,1.19500017166138,4.07100021839142,REFERENCE_MARSCHNER,bc073883f0825c97af93c4a4e36fa1e2-driver-8388939,921600,0,1280x720,1
1.3.302,cards,0.0879999995231628,0,0.0169999599456787,1.22699999809265,AMD Radeon(TM) Graphics,1.29900002479553,integrated_gpu,AMD,,,NO_HAIR,bc073883f0825c97af93c4a4e36fa1e2-driver-8388939,921600,1,1280x720,1
1.3.302,cards,0.10700000077486,0,0.0339999198913574,4.09000015258789,AMD Radeon(TM) Graphics,4.22200012207031,integrated_gpu,AMD,,2.86300015449524,CARD_CONTROL,bc073883f0825c97af93c4a4e36fa1e2-driver-8388939,921600,1,1280x720,1
1.3.302,cards,0.122000001370907,0,0.0269999504089355,5.13700008392334,AMD Radeon(TM) Graphics,5.20100021362305,integrated_gpu,AMD,1.04699993133545,3.91000008583069,ALU_PROBE_96,bc073883f0825c97af93c4a4e36fa1e2-driver-8388939,921600,1,1280x720,1
1.3.302,cards,0.159999996423721,0,0.0539999008178711,7.81599998474121,AMD Radeon(TM) Graphics,7.96400022506714,integrated_gpu,AMD,3.72599983215332,6.58899998664856,LUT_PROBE_16,bc073883f0825c97af93c4a4e36fa1e2-driver-8388939,921600,1,1280x720,1
1.3.302,cards,0.142000004649162,0,0.0419998168945313,5.83599996566772,AMD Radeon(TM) Graphics,5.94700002670288,integrated_gpu,AMD,1.74599981307983,4.60899996757507,CINEMATIC_MARSCHNER,bc073883f0825c97af93c4a4e36fa1e2-driver-8388939,921600,1,1280x720,1
1.3.302,cards,0.129999995231628,0,0.0290002822875977,5.16099977493286,AMD Radeon(TM) Graphics,5.23699998855591,integrated_gpu,AMD,1.07099962234497,3.93399977684021,FAST_MARSCHNER,bc073883f0825c97af93c4a4e36fa1e2-driver-8388939,921600,1,1280x720,1
1.3.302,cards,0.138999998569489,0,0.0370001792907715,4.71999979019165,AMD Radeon(TM) Graphics,4.90199995040894,integrated_gpu,AMD,0.62999963760376,3.492999792099,APPROX_KAJIYA_KAY,bc073883f0825c97af93c4a4e36fa1e2-driver-8388939,921600,1,1280x720,1
1.3.302,cards,0.142000004649162,0,0.0320000648498535,5.31500005722046,AMD Radeon(TM) Graphics,5.42399978637695,integrated_gpu,AMD,1.22499990463257,4.08800005912781,REFERENCE_MARSCHNER,bc073883f0825c97af93c4a4e36fa1e2-driver-8388939,921600,1,1280x720,1
1.3.302,cards,0.0869999974966049,0,0.0179998874664307,1.23599994182587,AMD Radeon(TM) Graphics,1.30799996852875,integrated_gpu,AMD,,,NO_HAIR,bc073883f0825c97af93c4a4e36fa1e2-driver-8388939,921600,2,1280x720,1
1.3.302,cards,0.120999999344349,0,0.0369997024536133,4.13899993896484,AMD Radeon(TM) Graphics,4.24200010299683,integrated_gpu,AMD,,2.90299999713898,CARD_CONTROL,bc073883f0825c97af93c4a4e36fa1e2-driver-8388939,921600,2,1280x720,1
1.3.302,cards,0.128999993205071,0,0.0269999504089355,5.18499994277954,AMD Radeon(TM) Graphics,5.25600004196167,integrated_gpu,AMD,1.0460000038147,3.94900000095367,ALU_PROBE_96,bc073883f0825c97af93c4a4e36fa1e2-driver-8388939,921600,2,1280x720,1
1.3.302,cards,0.194000005722046,0,0.0959997177124023,8.05700016021729,AMD Radeon(TM) Graphics,8.2810001373291,integrated_gpu,AMD,3.91800022125244,6.82100021839142,LUT_PROBE_16,bc073883f0825c97af93c4a4e36fa1e2-driver-8388939,921600,2,1280x720,1
1.3.302,cards,0.131999999284744,0,0.0419998168945313,5.83699989318848,AMD Radeon(TM) Graphics,5.97300004959106,integrated_gpu,AMD,1.69799995422363,4.60099995136261,CINEMATIC_MARSCHNER,bc073883f0825c97af93c4a4e36fa1e2-driver-8388939,921600,2,1280x720,1
1.3.302,cards,0.137999996542931,0,0.0329999923706055,5.31500005722046,AMD Radeon(TM) Graphics,5.40999984741211,integrated_gpu,AMD,1.17600011825562,4.07900011539459,REFERENCE_MARSCHNER,bc073883f0825c97af93c4a4e36fa1e2-driver-8388939,921600,2,1280x720,1
1.3.302,cards,0.144999995827675,0,0.0440001487731934,4.7350001335144,AMD Radeon(TM) Graphics,4.91599988937378,integrated_gpu,AMD,0.596000194549561,3.49900019168854,APPROX_KAJIYA_KAY,bc073883f0825c97af93c4a4e36fa1e2-driver-8388939,921600,2,1280x720,1
1.3.302,cards,0.185000002384186,0,0.0729999542236328,5.26900005340576,AMD Radeon(TM) Graphics,5.55600023269653,integrated_gpu,AMD,1.13000011444092,4.0330001115799,FAST_MARSCHNER,bc073883f0825c97af93c4a4e36fa1e2-driver-8388939,921600,2,1280x720,1
1.3.302,cards,0.141000002622604,0,0.0450000762939453,1.32200002670288,AMD Radeon(TM) Graphics,1.51900005340576,integrated_gpu,AMD,,,NO_HAIR,bc073883f0825c97af93c4a4e36fa1e2-driver-8388939,921600,3,1280x720,1
1.3.302,cards,0.178000003099442,0,0.0500001907348633,4.25,AMD Radeon(TM) Graphics,4.38000011444092,integrated_gpu,AMD,,2.92799997329712,CARD_CONTROL,bc073883f0825c97af93c4a4e36fa1e2-driver-8388939,921600,3,1280x720,1
1.3.302,cards,0.229000002145767,0,0.0429997444152832,5.25600004196167,AMD Radeon(TM) Graphics,5.62099981307983,integrated_gpu,AMD,1.00600004196167,3.93400001525879,ALU_PROBE_96,bc073883f0825c97af93c4a4e36fa1e2-driver-8388939,921600,3,1280x720,1
1.3.302,cards,0.172000005841255,0,0.0500001907348633,7.8270001411438,AMD Radeon(TM) Graphics,8.01299953460693,integrated_gpu,AMD,3.5770001411438,6.50500011444092,LUT_PROBE_16,bc073883f0825c97af93c4a4e36fa1e2-driver-8388939,921600,3,1280x720,1
1.3.302,cards,0.133000001311302,0,0.0320000648498535,4.7039999961853,AMD Radeon(TM) Graphics,4.88199996948242,integrated_gpu,AMD,0.453999996185303,3.38199996948242,APPROX_KAJIYA_KAY,bc073883f0825c97af93c4a4e36fa1e2-driver-8388939,921600,3,1280x720,1
1.3.302,cards,0.181999996304512,0,0.0489997863769531,5.34100008010864,AMD Radeon(TM) Graphics,5.48899984359741,integrated_gpu,AMD,1.09100008010864,4.01900005340576,REFERENCE_MARSCHNER,bc073883f0825c97af93c4a4e36fa1e2-driver-8388939,921600,3,1280x720,1
1.3.302,cards,0.181999996304512,0,0.138999938964844,5.89499998092651,AMD Radeon(TM) Graphics,6.39300012588501,integrated_gpu,AMD,1.64499998092651,4.57299995422363,CINEMATIC_MARSCHNER,bc073883f0825c97af93c4a4e36fa1e2-driver-8388939,921600,3,1280x720,1
1.3.302,cards,0.232999995350838,0,0.0819997787475586,5.35500001907349,AMD Radeon(TM) Graphics,5.67600011825562,integrated_gpu,AMD,1.10500001907349,4.03299999237061,FAST_MARSCHNER,bc073883f0825c97af93c4a4e36fa1e2-driver-8388939,921600,3,1280x720,1
1.3.302,cards,0.0839999988675117,0,0.0160000324249268,1.22399997711182,AMD Radeon(TM) Graphics,1.31200003623962,integrated_gpu,AMD,,,NO_HAIR,bc073883f0825c97af93c4a4e36fa1e2-driver-8388939,921600,4,1280x720,1
1.3.302,cards,0.159999996423721,0,0.0369997024536133,4.12799978256226,AMD Radeon(TM) Graphics,4.23099994659424,integrated_gpu,AMD,,2.90399980545044,CARD_CONTROL,bc073883f0825c97af93c4a4e36fa1e2-driver-8388939,921600,4,1280x720,1
1.3.302,cards,0.143999993801117,0,0.0269999504089355,5.15500020980835,AMD Radeon(TM) Graphics,5.24499988555908,integrated_gpu,AMD,1.02700042724609,3.93100023269653,ALU_PROBE_96,bc073883f0825c97af93c4a4e36fa1e2-driver-8388939,921600,4,1280x720,1
1.3.302,cards,0.20100000500679,0,0.0619997978210449,7.94299983978271,AMD Radeon(TM) Graphics,8.21300029754639,integrated_gpu,AMD,3.81500005722046,6.7189998626709,LUT_PROBE_16,bc073883f0825c97af93c4a4e36fa1e2-driver-8388939,921600,4,1280x720,1
1.3.302,cards,0.18299999833107,0,0.0749998092651367,4.7979998588562,AMD Radeon(TM) Graphics,5.08400011062622,integrated_gpu,AMD,0.670000076293945,3.57399988174438,APPROX_KAJIYA_KAY,bc073883f0825c97af93c4a4e36fa1e2-driver-8388939,921600,4,1280x720,1
1.3.302,cards,0.170000001788139,0,0.0389995574951172,5.20699977874756,AMD Radeon(TM) Graphics,5.32600021362305,integrated_gpu,AMD,1.0789999961853,3.98299980163574,FAST_MARSCHNER,bc073883f0825c97af93c4a4e36fa1e2-driver-8388939,921600,4,1280x720,1
1.3.302,cards,0.177000001072884,0,0.0529999732971191,5.87900018692017,AMD Radeon(TM) Graphics,6.00699996948242,integrated_gpu,AMD,1.75100040435791,4.65500020980835,CINEMATIC_MARSCHNER,bc073883f0825c97af93c4a4e36fa1e2-driver-8388939,921600,4,1280x720,1
1.3.302,cards,0.185000002384186,0,0.0539999008178711,5.38199996948242,AMD Radeon(TM) Graphics,5.53900003433228,integrated_gpu,AMD,1.25400018692017,4.15799999237061,REFERENCE_MARSCHNER,bc073883f0825c97af93c4a4e36fa1e2-driver-8388939,921600,4,1280x720,1
1.3.302,cards,0.128000006079674,3,0.0279999971389771,1.52900004386902,AMD Radeon(TM) Graphics,1.64699995517731,integrated_gpu,AMD,,,NO_HAIR,bc073883f0825c97af93c4a4e36fa1e2-driver-8388939,921600,0,1280x720,4
1.3.302,cards,0.202000007033348,3,0.0859999656677246,4.35300016403198,AMD Radeon(TM) Graphics,4.79099988937378,integrated_gpu,AMD,,2.82400012016296,CARD_CONTROL,bc073883f0825c97af93c4a4e36fa1e2-driver-8388939,921600,0,1280x720,4
1.3.302,cards,0.140000000596046,3,0.0289998054504395,5.28599977493286,AMD Radeon(TM) Graphics,5.37099981307983,integrated_gpu,AMD,0.932999610900879,3.75699973106384,ALU_PROBE_96,bc073883f0825c97af93c4a4e36fa1e2-driver-8388939,921600,0,1280x720,4
1.3.302,cards,0.221000000834465,3,0.103000640869141,8.10700035095215,AMD Radeon(TM) Graphics,8.47799968719482,integrated_gpu,AMD,3.75400018692017,6.57800030708313,LUT_PROBE_16,bc073883f0825c97af93c4a4e36fa1e2-driver-8388939,921600,0,1280x720,4
1.3.302,cards,0.159999996423721,3,0.0360002517700195,5.41900014877319,AMD Radeon(TM) Graphics,5.51200008392334,integrated_gpu,AMD,1.06599998474121,3.89000010490417,APPROX_KAJIYA_KAY,bc073883f0825c97af93c4a4e36fa1e2-driver-8388939,921600,0,1280x720,4
1.3.302,cards,0.150999993085861,3,0.0510001182556152,6.66800022125244,AMD Radeon(TM) Graphics,6.81199979782104,integrated_gpu,AMD,2.31500005722046,5.13900017738342,FAST_MARSCHNER,bc073883f0825c97af93c4a4e36fa1e2-driver-8388939,921600,0,1280x720,4
1.3.302,cards,0.197999998927116,3,0.189999580383301,8.54500007629395,AMD Radeon(TM) Graphics,9.22999954223633,integrated_gpu,AMD,4.19199991226196,7.01600003242493,CINEMATIC_MARSCHNER,bc073883f0825c97af93c4a4e36fa1e2-driver-8388939,921600,0,1280x720,4
1.3.302,cards,0.164000004529953,3,0.0749998092651367,6.8289999961853,AMD Radeon(TM) Graphics,7.03800010681152,integrated_gpu,AMD,2.47599983215332,5.29999995231628,REFERENCE_MARSCHNER,bc073883f0825c97af93c4a4e36fa1e2-driver-8388939,921600,0,1280x720,4
1.3.302,cards,0.0860000029206276,3,0.0210000276565552,1.49699997901917,AMD Radeon(TM) Graphics,1.58399999141693,integrated_gpu,AMD,,,NO_HAIR,bc073883f0825c97af93c4a4e36fa1e2-driver-8388939,921600,1,1280x720,4
1.3.302,cards,0.118000000715256,3,0.0290002822875977,4.21999979019165,AMD Radeon(TM) Graphics,4.29400014877319,integrated_gpu,AMD,,2.72299981117249,CARD_CONTROL,bc073883f0825c97af93c4a4e36fa1e2-driver-8388939,921600,1,1280x720,4
1.3.302,cards,0.138999998569489,3,0.0269999504089355,5.28900003433228,AMD Radeon(TM) Graphics,5.35699987411499,integrated_gpu,AMD,1.06900024414063,3.79200005531311,ALU_PROBE_96,bc073883f0825c97af93c4a4e36fa1e2-driver-8388939,921600,1,1280x720,4
1.3.302,cards,0.172999992966652,3,0.0539999008178711,7.9689998626709,AMD Radeon(TM) Graphics,8.13500022888184,integrated_gpu,AMD,3.74900007247925,6.47199988365173,LUT_PROBE_16,bc073883f0825c97af93c4a4e36fa1e2-driver-8388939,921600,1,1280x720,4
1.3.302,cards,0.188999995589256,3,0.210000038146973,8.59000015258789,AMD Radeon(TM) Graphics,9.07400035858154,integrated_gpu,AMD,4.37000036239624,7.09300017356873,CINEMATIC_MARSCHNER,bc073883f0825c97af93c4a4e36fa1e2-driver-8388939,921600,1,1280x720,4
1.3.302,cards,0.163000002503395,3,0.0610003471374512,6.67399978637695,AMD Radeon(TM) Graphics,6.81599998474121,integrated_gpu,AMD,2.4539999961853,5.17699980735779,FAST_MARSCHNER,bc073883f0825c97af93c4a4e36fa1e2-driver-8388939,921600,1,1280x720,4
1.3.302,cards,0.158000007271767,3,0.0359997749328613,5.41099977493286,AMD Radeon(TM) Graphics,5.52600002288818,integrated_gpu,AMD,1.19099998474121,3.9139997959137,APPROX_KAJIYA_KAY,bc073883f0825c97af93c4a4e36fa1e2-driver-8388939,921600,1,1280x720,4
1.3.302,cards,0.184000000357628,3,0.0750002861022949,6.82499980926514,AMD Radeon(TM) Graphics,7.01300001144409,integrated_gpu,AMD,2.60500001907349,5.32799983024597,REFERENCE_MARSCHNER,bc073883f0825c97af93c4a4e36fa1e2-driver-8388939,921600,1,1280x720,4
1.3.302,cards,0.0860000029206276,3,0.0210000276565552,1.5,AMD Radeon(TM) Graphics,1.58599996566772,integrated_gpu,AMD,,,NO_HAIR,bc073883f0825c97af93c4a4e36fa1e2-driver-8388939,921600,2,1280x720,4
1.3.302,cards,0.125,3,0.0310001373291016,4.22900009155273,AMD Radeon(TM) Graphics,4.30900001525879,integrated_gpu,AMD,,2.72900009155273,CARD_CONTROL,bc073883f0825c97af93c4a4e36fa1e2-driver-8388939,921600,2,1280x720,4
1.3.302,cards,0.133000001311302,3,0.0250000953674316,5.28299999237061,AMD Radeon(TM) Graphics,5.3730001449585,integrated_gpu,AMD,1.05399990081787,3.78299999237061,ALU_PROBE_96,bc073883f0825c97af93c4a4e36fa1e2-driver-8388939,921600,2,1280x720,4
1.3.302,cards,0.187999993562698,3,0.0670003890991211,8.01500034332275,AMD Radeon(TM) Graphics,8.24899959564209,integrated_gpu,AMD,3.78600025177002,6.51500034332275,LUT_PROBE_16,bc073883f0825c97af93c4a4e36fa1e2-driver-8388939,921600,2,1280x720,4
1.3.302,cards,0.209000006318092,3,0.223999977111816,8.61699962615967,AMD Radeon(TM) Graphics,9.32800006866455,integrated_gpu,AMD,4.38799953460693,7.11699962615967,CINEMATIC_MARSCHNER,bc073883f0825c97af93c4a4e36fa1e2-driver-8388939,921600,2,1280x720,4
1.3.302,cards,0.194000005722046,3,0.0760002136230469,6.84800004959106,AMD Radeon(TM) Graphics,7.03299999237061,integrated_gpu,AMD,2.61899995803833,5.34800004959106,REFERENCE_MARSCHNER,bc073883f0825c97af93c4a4e36fa1e2-driver-8388939,921600,2,1280x720,4
1.3.302,cards,0.120999999344349,3,0.0320000648498535,5.40700006484985,AMD Radeon(TM) Graphics,5.52199983596802,integrated_gpu,AMD,1.17799997329712,3.90700006484985,APPROX_KAJIYA_KAY,bc073883f0825c97af93c4a4e36fa1e2-driver-8388939,921600,2,1280x720,4
1.3.302,cards,0.123999997973442,3,0.0600004196166992,6.66699981689453,AMD Radeon(TM) Graphics,6.78299999237061,integrated_gpu,AMD,2.4379997253418,5.16699981689453,FAST_MARSCHNER,bc073883f0825c97af93c4a4e36fa1e2-driver-8388939,921600,2,1280x720,4
1.3.302,cards,0.100000001490116,3,0.0260000228881836,1.50999999046326,AMD Radeon(TM) Graphics,1.60300004482269,integrated_gpu,AMD,,,NO_HAIR,bc073883f0825c97af93c4a4e36fa1e2-driver-8388939,921600,3,1280x720,4
1.3.302,cards,0.157000005245209,3,0.0430002212524414,4.26200008392334,AMD Radeon(TM) Graphics,4.40199995040894,integrated_gpu,AMD,,2.75200009346008,CARD_CONTROL,bc073883f0825c97af93c4a4e36fa1e2-driver-8388939,921600,3,1280x720,4
1.3.302,cards,0.167999997735024,3,0.0349998474121094,5.31500005722046,AMD Radeon(TM) Graphics,5.44999980926514,integrated_gpu,AMD,1.05299997329712,3.8050000667572,ALU_PROBE_96,bc073883f0825c97af93c4a4e36fa1e2-driver-8388939,921600,3,1280x720,4
1.3.302,cards,0.224999994039536,3,0.0900001525878906,8.13199996948242,AMD Radeon(TM) Graphics,8.4060001373291,integrated_gpu,AMD,3.86999988555908,6.62199997901917,LUT_PROBE_16,bc073883f0825c97af93c4a4e36fa1e2-driver-8388939,921600,3,1280x720,4
1.3.302,cards,0.156000003218651,3,0.0440001487731934,5.42000007629395,AMD Radeon(TM) Graphics,5.58799982070923,integrated_gpu,AMD,1.15799999237061,3.91000008583069,APPROX_KAJIYA_KAY,bc073883f0825c97af93c4a4e36fa1e2-driver-8388939,921600,3,1280x720,4
1.3.302,cards,0.162000000476837,3,0.0789999961853027,6.85699987411499,AMD Radeon(TM) Graphics,7.07499980926514,integrated_gpu,AMD,2.59499979019165,5.34699988365173,REFERENCE_MARSCHNER,bc073883f0825c97af93c4a4e36fa1e2-driver-8388939,921600,3,1280x720,4
1.3.302,cards,0.194000005722046,3,0.229999542236328,8.60299968719482,AMD Radeon(TM) Graphics,9.23299980163574,integrated_gpu,AMD,4.34099960327148,7.09299969673157,CINEMATIC_MARSCHNER,bc073883f0825c97af93c4a4e36fa1e2-driver-8388939,921600,3,1280x720,4
1.3.302,cards,0.152999997138977,3,0.0590000152587891,6.67000007629395,AMD Radeon(TM) Graphics,6.83599996566772,integrated_gpu,AMD,2.40799999237061,5.16000008583069,FAST_MARSCHNER,bc073883f0825c97af93c4a4e36fa1e2-driver-8388939,921600,3,1280x720,4
1.3.302,cards,0.101000003516674,3,0.0240000486373901,1.50300002098084,AMD Radeon(TM) Graphics,1.61199998855591,integrated_gpu,AMD,,,NO_HAIR,bc073883f0825c97af93c4a4e36fa1e2-driver-8388939,921600,4,1280x720,4
1.3.302,cards,0.155000001192093,3,0.0410003662109375,4.26000022888184,AMD Radeon(TM) Graphics,4.36800003051758,integrated_gpu,AMD,,2.757000207901,CARD_CONTROL,bc073883f0825c97af93c4a4e36fa1e2-driver-8388939,921600,4,1280x720,4
1.3.302,cards,0.146999999880791,3,0.0349998474121094,5.29199981689453,AMD Radeon(TM) Graphics,5.38100004196167,integrated_gpu,AMD,1.0319995880127,3.7889997959137,ALU_PROBE_96,bc073883f0825c97af93c4a4e36fa1e2-driver-8388939,921600,4,1280x720,4
1.3.302,cards,0.194999992847443,3,0.0539999008178711,8.02099990844727,AMD Radeon(TM) Graphics,8.19400024414063,integrated_gpu,AMD,3.76099967956543,6.51799988746643,LUT_PROBE_16,bc073883f0825c97af93c4a4e36fa1e2-driver-8388939,921600,4,1280x720,4
1.3.302,cards,0.156000003218651,3,0.0360002517700195,5.41099977493286,AMD Radeon(TM) Graphics,5.51599979400635,integrated_gpu,AMD,1.15099954605103,3.90799975395203,APPROX_KAJIYA_KAY,bc073883f0825c97af93c4a4e36fa1e2-driver-8388939,921600,4,1280x720,4
1.3.302,cards,0.177000001072884,3,0.055999755859375,6.69600009918213,AMD Radeon(TM) Graphics,6.85300016403198,integrated_gpu,AMD,2.43599987030029,5.19300007820129,FAST_MARSCHNER,bc073883f0825c97af93c4a4e36fa1e2-driver-8388939,921600,4,1280x720,4
1.3.302,cards,0.216000005602837,3,0.243000030517578,8.5959997177124,AMD Radeon(TM) Graphics,9.28699970245361,integrated_gpu,AMD,4.33599948883057,7.09299969673157,CINEMATIC_MARSCHNER,bc073883f0825c97af93c4a4e36fa1e2-driver-8388939,921600,4,1280x720,4
1.3.302,cards,0.186000004410744,3,0.0840001106262207,6.83400011062622,AMD Radeon(TM) Graphics,7.02299976348877,integrated_gpu,AMD,2.57399988174438,5.33100008964539,REFERENCE_MARSCHNER,bc073883f0825c97af93c4a4e36fa1e2-driver-8388939,921600,4,1280x720,4
1.3.302,cards,0.0860000029206276,7,0.0269999504089355,1.84800004959106,AMD Radeon(TM) Graphics,1.95299994945526,integrated_gpu,AMD,,,NO_HAIR,bc073883f0825c97af93c4a4e36fa1e2-driver-8388939,921600,0,1280x720,8
1.3.302,cards,0.101000003516674,7,0.0399999618530273,4.39499998092651,AMD Radeon(TM) Graphics,4.48799991607666,integrated_gpu,AMD,,2.54699993133545,CARD_CONTROL,bc073883f0825c97af93c4a4e36fa1e2-driver-8388939,921600,0,1280x720,8
1.3.302,cards,0.114000000059605,7,0.0279998779296875,5.45599985122681,AMD Radeon(TM) Graphics,5.55100011825562,integrated_gpu,AMD,1.06099987030029,3.60799980163574,ALU_PROBE_96,bc073883f0825c97af93c4a4e36fa1e2-driver-8388939,921600,0,1280x720,8
1.3.302,cards,0.202000007033348,7,0.0819997787475586,8.23200035095215,AMD Radeon(TM) Graphics,8.5649995803833,integrated_gpu,AMD,3.83700037002563,6.38400030136108,LUT_PROBE_16,bc073883f0825c97af93c4a4e36fa1e2-driver-8388939,921600,0,1280x720,8
1.3.302,cards,0.174999997019768,7,0.0529999732971191,6.40000009536743,AMD Radeon(TM) Graphics,6.52799987792969,integrated_gpu,AMD,2.00500011444092,4.55200004577637,APPROX_KAJIYA_KAY,bc073883f0825c97af93c4a4e36fa1e2-driver-8388939,921600,0,1280x720,8
1.3.302,cards,0.215000003576279,7,0.180999755859375,8.47599983215332,AMD Radeon(TM) Graphics,8.97900009155273,integrated_gpu,AMD,4.08099985122681,6.62799978256226,FAST_MARSCHNER,bc073883f0825c97af93c4a4e36fa1e2-driver-8388939,921600,0,1280x720,8
1.3.302,cards,0.230000004172325,7,0.199000358581543,12.25,AMD Radeon(TM) Graphics,13.6750001907349,integrated_gpu,AMD,7.85500001907349,10.4019999504089,CINEMATIC_MARSCHNER,bc073883f0825c97af93c4a4e36fa1e2-driver-8388939,921600,0,1280x720,8
1.3.302,cards,0.212999999523163,7,0.0930004119873047,8.79199981689453,AMD Radeon(TM) Graphics,9.10299968719482,integrated_gpu,AMD,4.39699983596802,6.94399976730347,REFERENCE_MARSCHNER,bc073883f0825c97af93c4a4e36fa1e2-driver-8388939,921600,0,1280x720,8
1.3.302,cards,0.090999998152256,7,0.0299999713897705,1.86000001430511,AMD Radeon(TM) Graphics,2.01399993896484,integrated_gpu,AMD,,,NO_HAIR,bc073883f0825c97af93c4a4e36fa1e2-driver-8388939,921600,1,1280x720,8
1.3.302,cards,0.14300000667572,7,0.0399999618530273,4.42700004577637,AMD Radeon(TM) Graphics,4.55000019073486,integrated_gpu,AMD,,2.56700003147125,CARD_CONTROL,bc073883f0825c97af93c4a4e36fa1e2-driver-8388939,921600,1,1280x720,8
1.3.302,cards,0.164000004529953,7,0.0329999923706055,5.47800016403198,AMD Radeon(TM) Graphics,5.57999992370605,integrated_gpu,AMD,1.05100011825562,3.61800014972687,ALU_PROBE_96,bc073883f0825c97af93c4a4e36fa1e2-driver-8388939,921600,1,1280x720,8
1.3.302,cards,0.196999996900558,7,0.0629997253417969,8.17700004577637,AMD Radeon(TM) Graphics,8.39799976348877,integrated_gpu,AMD,3.75,6.31700003147125,LUT_PROBE_16,bc073883f0825c97af93c4a4e36fa1e2-driver-8388939,921600,1,1280x720,8
1.3.302,cards,0.228000000119209,7,0.166999816894531,12.210000038147,AMD Radeon(TM) Graphics,13.4930000305176,integrated_gpu,AMD,7.78299999237061,10.3500000238419,CINEMATIC_MARSCHNER,bc073883f0825c97af93c4a4e36fa1e2-driver-8388939,921600,1,1280x720,8
1.3.302,cards,0.195999994874001,7,0.170000076293945,8.45499992370605,AMD Radeon(TM) Graphics,8.93900012969971,integrated_gpu,AMD,4.02799987792969,6.59499990940094,FAST_MARSCHNER,bc073883f0825c97af93c4a4e36fa1e2-driver-8388939,921600,1,1280x720,8
1.3.302,cards,0.160999998450279,7,0.0429997444152832,6.39400005340576,AMD Radeon(TM) Graphics,6.51900005340576,integrated_gpu,AMD,1.96700000762939,4.53400003910065,APPROX_KAJIYA_KAY,bc073883f0825c97af93c4a4e36fa1e2-driver-8388939,921600,1,1280x720,8
1.3.302,cards,0.216999992728233,7,0.0880002975463867,8.78999996185303,AMD Radeon(TM) Graphics,9.10900020599365,integrated_gpu,AMD,4.36299991607666,6.92999994754791,REFERENCE_MARSCHNER,bc073883f0825c97af93c4a4e36fa1e2-driver-8388939,921600,1,1280x720,8
1.3.302,cards,0.101999998092651,7,0.0339999198913574,1.86899995803833,AMD Radeon(TM) Graphics,2.02500009536743,integrated_gpu,AMD,,,NO_HAIR,bc073883f0825c97af93c4a4e36fa1e2-driver-8388939,921600,2,1280x720,8
1.3.302,cards,0.115000002086163,7,0.0350003242492676,4.40500020980835,AMD Radeon(TM) Graphics,4.51399993896484,integrated_gpu,AMD,,2.53600025177002,CARD_CONTROL,bc073883f0825c97af93c4a4e36fa1e2-driver-8388939,921600,2,1280x720,8
1.3.302,cards,0.145999997854233,7,0.0329999923706055,5.47200012207031,AMD Radeon(TM) Graphics,5.5770001411438,integrated_gpu,AMD,1.06699991226196,3.60300016403198,ALU_PROBE_96,bc073883f0825c97af93c4a4e36fa1e2-driver-8388939,921600,2,1280x720,8
1.3.302,cards,0.207000002264977,7,0.146999359130859,8.29599952697754,AMD Radeon(TM) Graphics,8.67199993133545,integrated_gpu,AMD,3.89099931716919,6.42699956893921,LUT_PROBE_16,bc073883f0825c97af93c4a4e36fa1e2-driver-8388939,921600,2,1280x720,8
1.3.302,cards,0.223000004887581,7,0.229000091552734,12.2399997711182,AMD Radeon(TM) Graphics,13.3109998703003,integrated_gpu,AMD,7.83499956130981,10.3709998130798,CINEMATIC_MARSCHNER,bc073883f0825c97af93c4a4e36fa1e2-driver-8388939,921600,2,1280x720,8
1.3.302,cards,0.195999994874001,7,0.0910005569458008,8.76599979400635,AMD Radeon(TM) Graphics,9.04699993133545,integrated_gpu,AMD,4.360999584198,6.89699983596802,REFERENCE_MARSCHNER,bc073883f0825c97af93c4a4e36fa1e2-driver-8388939,921600,2,1280x720,8
1.3.302,cards,0.151999995112419,7,0.0430002212524414,6.37799978256226,AMD Radeon(TM) Graphics,6.49300003051758,integrated_gpu,AMD,1.97299957275391,4.50899982452393,APPROX_KAJIYA_KAY,bc073883f0825c97af93c4a4e36fa1e2-driver-8388939,921600,2,1280x720,8
1.3.302,cards,0.187000006437302,7,0.170999526977539,8.46599960327148,AMD Radeon(TM) Graphics,8.92099952697754,integrated_gpu,AMD,4.06099939346313,6.59699964523315,FAST_MARSCHNER,bc073883f0825c97af93c4a4e36fa1e2-driver-8388939,921600,2,1280x720,8
1.3.302,cards,0.0949999988079071,7,0.0260000228881836,1.85300004482269,AMD Radeon(TM) Graphics,1.95899999141693,integrated_gpu,AMD,,,NO_HAIR,bc073883f0825c97af93c4a4e36fa1e2-driver-8388939,921600,3,1280x720,8
1.3.302,cards,0.122000001370907,7,0.0320000648498535,4.40000009536743,AMD Radeon(TM) Graphics,4.49599981307983,integrated_gpu,AMD,,2.54700005054474,CARD_CONTROL,bc073883f0825c97af93c4a4e36fa1e2-driver-8388939,921600,3,1280x720,8
1.3.302,cards,0.150000005960464,7,0.0279998779296875,5.46799993515015,AMD Radeon(TM) Graphics,5.56199979782104,integrated_gpu,AMD,1.06799983978271,3.61499989032745,ALU_PROBE_96,bc073883f0825c97af93c4a4e36fa1e2-driver-8388939,921600,3,1280x720,8
1.3.302,cards,0.196999996900558,7,0.0710000991821289,8.18299961090088,AMD Radeon(TM) Graphics,8.50300025939941,integrated_gpu,AMD,3.78299951553345,6.32999956607819,LUT_PROBE_16,bc073883f0825c97af93c4a4e36fa1e2-driver-8388939,921600,3,1280x720,8
1.3.302,cards,0.158999994397163,7,0.0520000457763672,6.3899998664856,AMD Radeon(TM) Graphics,6.54500007629395,integrated_gpu,AMD,1.98999977111816,4.5369998216629,APPROX_KAJIYA_KAY,bc073883f0825c97af93c4a4e36fa1e2-driver-8388939,921600,3,1280x720,8
1.3.302,cards,0.206000000238419,7,0.0950002670288086,8.77600002288818,AMD Radeon(TM) Graphics,9.06599998474121,integrated_gpu,AMD,4.37599992752075,6.92299997806549,REFERENCE_MARSCHNER,bc073883f0825c97af93c4a4e36fa1e2-driver-8388939,921600,3,1280x720,8
1.3.302,cards,0.229000002145767,7,0.14900016784668,12.1909999847412,AMD Radeon(TM) Graphics,13.3929996490479,integrated_gpu,AMD,7.79099988937378,10.3379999399185,CINEMATIC_MARSCHNER,bc073883f0825c97af93c4a4e36fa1e2-driver-8388939,921600,3,1280x720,8
1.3.302,cards,0.187999993562698,7,0.181000709533691,8.48900032043457,AMD Radeon(TM) Graphics,8.93299961090088,integrated_gpu,AMD,4.08900022506714,6.63600027561188,FAST_MARSCHNER,bc073883f0825c97af93c4a4e36fa1e2-driver-8388939,921600,3,1280x720,8
1.3.302,cards,0.0920000001788139,7,0.0250000953674316,1.84800004959106,AMD Radeon(TM) Graphics,1.96700000762939,integrated_gpu,AMD,,,NO_HAIR,bc073883f0825c97af93c4a4e36fa1e2-driver-8388939,921600,4,1280x720,8
1.3.302,cards,0.129999995231628,7,0.0390000343322754,4.40899991989136,AMD Radeon(TM) Graphics,4.52799987792969,integrated_gpu,AMD,,2.56099987030029,CARD_CONTROL,bc073883f0825c97af93c4a4e36fa1e2-driver-8388939,921600,4,1280x720,8
1.3.302,cards,0.135000005364418,7,0.0329999923706055,5.46600008010864,AMD Radeon(TM) Graphics,5.56899976730347,integrated_gpu,AMD,1.05700016021729,3.61800003051758,ALU_PROBE_96,bc073883f0825c97af93c4a4e36fa1e2-driver-8388939,921600,4,1280x720,8
1.3.302,cards,0.180999994277954,7,0.0749998092651367,8.16100025177002,AMD Radeon(TM) Graphics,8.54500007629395,integrated_gpu,AMD,3.75200033187866,6.31300020217896,LUT_PROBE_16,bc073883f0825c97af93c4a4e36fa1e2-driver-8388939,921600,4,1280x720,8
1.3.302,cards,0.143999993801117,7,0.0469999313354492,6.37900018692017,AMD Radeon(TM) Graphics,6.51000022888184,integrated_gpu,AMD,1.97000026702881,4.5310001373291,APPROX_KAJIYA_KAY,bc073883f0825c97af93c4a4e36fa1e2-driver-8388939,921600,4,1280x720,8
1.3.302,cards,0.236000001430511,7,0.207999229431152,8.58600044250488,AMD Radeon(TM) Graphics,9.05500030517578,integrated_gpu,AMD,4.17700052261353,6.73800039291382,FAST_MARSCHNER,bc073883f0825c97af93c4a4e36fa1e2-driver-8388939,921600,4,1280x720,8
1.3.302,cards,0.228000000119209,7,0.166999816894531,12.1859998703003,AMD Radeon(TM) Graphics,13.4320001602173,integrated_gpu,AMD,7.77699995040894,10.3379998207092,CINEMATIC_MARSCHNER,bc073883f0825c97af93c4a4e36fa1e2-driver-8388939,921600,4,1280x720,8
1.3.302,cards,0.216000005602837,7,0.0970001220703125,8.78400039672852,AMD Radeon(TM) Graphics,9.13500022888184,integrated_gpu,AMD,4.37500047683716,6.93600034713745,REFERENCE_MARSCHNER,bc073883f0825c97af93c4a4e36fa1e2-driver-8388939,921600,4,1280x720,8
1.3.302,coverage,0.0860000029206276,0,0.0199999809265137,1.23300004005432,AMD Radeon(TM) Graphics,1.30999994277954,integrated_gpu,AMD,,,NO_HAIR,bc073883f0825c97af93c4a4e36fa1e2-driver-8388939,921600,0,1280x720,1
1.3.302,coverage,0.194999992847443,0,0.0409994125366211,8.82499980926514,AMD Radeon(TM) Graphics,8.97200012207031,integrated_gpu,AMD,,7.59199976921082,CARD_CONTROL,bc073883f0825c97af93c4a4e36fa1e2-driver-8388939,921600,0,1280x720,1
1.3.302,coverage,0.225999996066093,0,0.0739994049072266,10.6949996948242,AMD Radeon(TM) Graphics,10.9469995498657,integrated_gpu,AMD,1.86999988555908,9.4619996547699,ALU_PROBE_96,bc073883f0825c97af93c4a4e36fa1e2-driver-8388939,921600,0,1280x720,1
1.3.302,coverage,0.232999995350838,0,0.0979995727539063,17.1229991912842,AMD Radeon(TM) Graphics,17.6770000457764,integrated_gpu,AMD,8.29799938201904,15.8899991512299,LUT_PROBE_16,bc073883f0825c97af93c4a4e36fa1e2-driver-8388939,921600,0,1280x720,1
1.3.302,coverage,0.209999993443489,0,0.0489997863769531,9.79500007629395,AMD Radeon(TM) Graphics,9.96199989318848,integrated_gpu,AMD,0.970000267028809,8.56200003623962,APPROX_KAJIYA_KAY,bc073883f0825c97af93c4a4e36fa1e2-driver-8388939,921600,0,1280x720,1
1.3.302,coverage,0.224999994039536,0,0.0579996109008789,10.7159996032715,AMD Radeon(TM) Graphics,10.8769998550415,integrated_gpu,AMD,1.89099979400635,9.48299956321716,FAST_MARSCHNER,bc073883f0825c97af93c4a4e36fa1e2-driver-8388939,921600,0,1280x720,1
1.3.302,coverage,0.238999992609024,0,0.0970001220703125,12.0719995498657,AMD Radeon(TM) Graphics,12.2740001678467,integrated_gpu,AMD,3.24699974060059,10.8389995098114,CINEMATIC_MARSCHNER,bc073883f0825c97af93c4a4e36fa1e2-driver-8388939,921600,0,1280x720,1
1.3.302,coverage,0.252000004053116,0,0.0880002975463867,13.9809999465942,AMD Radeon(TM) Graphics,14.2159996032715,integrated_gpu,AMD,5.1560001373291,12.7479999065399,REFERENCE_MARSCHNER,bc073883f0825c97af93c4a4e36fa1e2-driver-8388939,921600,0,1280x720,1
1.3.302,coverage,0.0920000001788139,0,0.031999945640564,1.25100004673004,AMD Radeon(TM) Graphics,1.375,integrated_gpu,AMD,,,NO_HAIR,bc073883f0825c97af93c4a4e36fa1e2-driver-8388939,921600,1,1280x720,1
1.3.302,coverage,0.214000001549721,0,0.0530004501342773,8.87800025939941,AMD Radeon(TM) Graphics,9.64599990844727,integrated_gpu,AMD,,7.62700021266937,CARD_CONTROL,bc073883f0825c97af93c4a4e36fa1e2-driver-8388939,921600,1,1280x720,1
1.3.302,coverage,0.230000004172325,0,0.0669994354248047,10.7130002975464,AMD Radeon(TM) Graphics,11.8559999465942,integrated_gpu,AMD,1.83500003814697,9.46200025081635,ALU_PROBE_96,bc073883f0825c97af93c4a4e36fa1e2-driver-8388939,921600,1,1280x720,1
1.3.302,coverage,0.263999998569489,0,1.25699996948242,18.943000793457,AMD Radeon(TM) Graphics,23.5060005187988,integrated_gpu,AMD,10.0650005340576,17.692000746727,LUT_PROBE_16,bc073883f0825c97af93c4a4e36fa1e2-driver-8388939,921600,1,1280x720,1
1.3.302,coverage,0.257999986410141,0,0.23799991607666,12.2980003356934,AMD Radeon(TM) Graphics,13.8940000534058,integrated_gpu,AMD,3.42000007629395,11.0470002889633,CINEMATIC_MARSCHNER,bc073883f0825c97af93c4a4e36fa1e2-driver-8388939,921600,1,1280x720,1
1.3.302,coverage,0.247999995946884,0,0.182000160217285,11.0310001373291,AMD Radeon(TM) Graphics,11.7309999465942,integrated_gpu,AMD,2.15299987792969,9.78000009059906,FAST_MARSCHNER,bc073883f0825c97af93c4a4e36fa1e2-driver-8388939,921600,1,1280x720,1
1.3.302,coverage,0.236000001430511,0,0.118999481201172,9.97299957275391,AMD Radeon(TM) Graphics,10.4709997177124,integrated_gpu,AMD,1.09499931335449,8.72199952602386,APPROX_KAJIYA_KAY,bc073883f0825c97af93c4a4e36fa1e2-driver-8388939,921600,1,1280x720,1
1.3.302,coverage,0.257999986410141,0,0.0929994583129883,14.0240001678467,AMD Radeon(TM) Graphics,14.2799997329712,integrated_gpu,AMD,5.14599990844727,12.7730001211166,REFERENCE_MARSCHNER,bc073883f0825c97af93c4a4e36fa1e2-driver-8388939,921600,1,1280x720,1
1.3.302,coverage,0.252999991178513,0,0.0559999942779541,1.40499997138977,AMD Radeon(TM) Graphics,1.67799997329712,integrated_gpu,AMD,,,NO_HAIR,bc073883f0825c97af93c4a4e36fa1e2-driver-8388939,921600,2,1280x720,1
1.3.302,coverage,0.263999998569489,0,0.25,9.51200008392334,AMD Radeon(TM) Graphics,10.5100002288818,integrated_gpu,AMD,,8.10700011253357,CARD_CONTROL,bc073883f0825c97af93c4a4e36fa1e2-driver-8388939,921600,2,1280x720,1
1.3.302,coverage,0.238999992609024,0,0.0799999237060547,10.8120002746582,AMD Radeon(TM) Graphics,11.2959995269775,integrated_gpu,AMD,1.30000019073486,9.40700030326843,ALU_PROBE_96,bc073883f0825c97af93c4a4e36fa1e2-driver-8388939,921600,2,1280x720,1
1.3.302,coverage,0.250999987125397,0,0.285999298095703,17.9750003814697,AMD Radeon(TM) Graphics,19.4130001068115,integrated_gpu,AMD,8.46300029754639,16.57000041008,LUT_PROBE_16,bc073883f0825c97af93c4a4e36fa1e2-driver-8388939,921600,2,1280x720,1
1.3.302,coverage,0.25,0,0.185000419616699,12.2919998168945,AMD Radeon(TM) Graphics,12.8559999465942,integrated_gpu,AMD,2.77999973297119,10.8869998455048,CINEMATIC_MARSCHNER,bc073883f0825c97af93c4a4e36fa1e2-driver-8388939,921600,2,1280x720,1
1.3.302,coverage,0.245000004768372,0,0.100000381469727,13.9840002059937,AMD Radeon(TM) Graphics,14.2489995956421,integrated_gpu,AMD,4.47200012207031,12.5790002346039,REFERENCE_MARSCHNER,bc073883f0825c97af93c4a4e36fa1e2-driver-8388939,921600,2,1280x720,1
1.3.302,coverage,0.215000003576279,0,0.0450000762939453,9.83199977874756,AMD Radeon(TM) Graphics,9.99400043487549,integrated_gpu,AMD,0.319999694824219,8.42699980735779,APPROX_KAJIYA_KAY,bc073883f0825c97af93c4a4e36fa1e2-driver-8388939,921600,2,1280x720,1
1.3.302,coverage,0.221000000834465,0,0.0529994964599609,10.7030000686646,AMD Radeon(TM) Graphics,10.8520002365112,integrated_gpu,AMD,1.19099998474121,9.29800009727478,FAST_MARSCHNER,bc073883f0825c97af93c4a4e36fa1e2-driver-8388939,921600,2,1280x720,1
1.3.302,coverage,0.0979999974370003,0,0.0190000534057617,1.24300003051758,AMD Radeon(TM) Graphics,1.31599998474121,integrated_gpu,AMD,,,NO_HAIR,bc073883f0825c97af93c4a4e36fa1e2-driver-8388939,921600,3,1280x720,1
1.3.302,coverage,0.219999998807907,0,0.0670003890991211,8.91800022125244,AMD Radeon(TM) Graphics,9.18599987030029,integrated_gpu,AMD,,7.67500019073486,CARD_CONTROL,bc073883f0825c97af93c4a4e36fa1e2-driver-8388939,921600,3,1280x720,1
1.3.302,coverage,0.236000001430511,0,0.0469999313354492,10.7259998321533,AMD Radeon(TM) Graphics,10.8760004043579,integrated_gpu,AMD,1.80799961090088,9.48299980163574,ALU_PROBE_96,bc073883f0825c97af93c4a4e36fa1e2-driver-8388939,921600,3,1280x720,1
1.3.302,coverage,0.24099999666214,0,0.124000549316406,17.326000213623,AMD Radeon(TM) Graphics,17.7910003662109,integrated_gpu,AMD,8.40799999237061,16.0830001831055,LUT_PROBE_16,bc073883f0825c97af93c4a4e36fa1e2-driver-8388939,921600,3,1280x720,1
1.3.302,coverage,0.23199999332428,0,0.0570001602172852,9.88000011444092,AMD Radeon(TM) Graphics,10.0389995574951,integrated_gpu,AMD,0.961999893188477,8.63700008392334,APPROX_KAJIYA_KAY,bc073883f0825c97af93c4a4e36fa1e2-driver-8388939,921600,3,1280x720,1
1.3.302,coverage,0.252000004053116,0,0.0840005874633789,14.0349998474121,AMD Radeon(TM) Graphics,14.2309999465942,integrated_gpu,AMD,5.11699962615967,12.7919998168945,REFERENCE_MARSCHNER,bc073883f0825c97af93c4a4e36fa1e2-driver-8388939,921600,3,1280x720,1
1.3.302,coverage,0.241999998688698,0,0.125,12.1859998703003,AMD Radeon(TM) Graphics,12.5410003662109,integrated_gpu,AMD,3.26799964904785,10.9429998397827,CINEMATIC_MARSCHNER,bc073883f0825c97af93c4a4e36fa1e2-driver-8388939,921600,3,1280x720,1
1.3.302,coverage,0.236000001430511,0,0.0759992599487305,10.8149995803833,AMD Radeon(TM) Graphics,11.0310001373291,integrated_gpu,AMD,1.89699935913086,9.57199954986572,FAST_MARSCHNER,bc073883f0825c97af93c4a4e36fa1e2-driver-8388939,921600,3,1280x720,1
1.3.302,coverage,0.0829999968409538,0,0.0180000066757202,1.23300004005432,AMD Radeon(TM) Graphics,1.31700003147125,integrated_gpu,AMD,,,NO_HAIR,bc073883f0825c97af93c4a4e36fa1e2-driver-8388939,921600,4,1280x720,1
1.3.302,coverage,0.184000000357628,0,0.0539999008178711,8.85400009155273,AMD Radeon(TM) Graphics,9.00300025939941,integrated_gpu,AMD,,7.62100005149841,CARD_CONTROL,bc073883f0825c97af93c4a4e36fa1e2-driver-8388939,921600,4,1280x720,1
1.3.302,coverage,0.218999996781349,0,0.0480003356933594,10.6789999008179,AMD Radeon(TM) Graphics,10.8249998092651,integrated_gpu,AMD,1.82499980926514,9.44599986076355,ALU_PROBE_96,bc073883f0825c97af93c4a4e36fa1e2-driver-8388939,921600,4,1280x720,1
1.3.302,coverage,0.237000003457069,0,0.123998641967773,17.17799949646,AMD Radeon(TM) Graphics,17.5860004425049,integrated_gpu,AMD,8.32399940490723,15.9449994564056,LUT_PROBE_16,bc073883f0825c97af93c4a4e36fa1e2-driver-8388939,921600,4,1280x720,1
1.3.302,coverage,0.221000000834465,0,0.069000244140625,9.9060001373291,AMD Radeon(TM) Graphics,10.16100025177,integrated_gpu,AMD,1.05200004577637,8.67300009727478,APPROX_KAJIYA_KAY,bc073883f0825c97af93c4a4e36fa1e2-driver-8388939,921600,4,1280x720,1
1.3.302,coverage,0.236000001430511,0,0.0889997482299805,10.7889995574951,AMD Radeon(TM) Graphics,11.2720003128052,integrated_gpu,AMD,1.93499946594238,9.5559995174408,FAST_MARSCHNER,bc073883f0825c97af93c4a4e36fa1e2-driver-8388939,921600,4,1280x720,1
1.3.302,coverage,0.241999998688698,0,0.0959997177124023,12.1059999465942,AMD Radeon(TM) Graphics,12.3039999008179,integrated_gpu,AMD,3.2519998550415,10.8729999065399,CINEMATIC_MARSCHNER,bc073883f0825c97af93c4a4e36fa1e2-driver-8388939,921600,4,1280x720,1
1.3.302,coverage,0.25900000333786,0,0.0910005569458008,14.03600025177,AMD Radeon(TM) Graphics,14.3889999389648,integrated_gpu,AMD,5.18200016021729,12.8030002117157,REFERENCE_MARSCHNER,bc073883f0825c97af93c4a4e36fa1e2-driver-8388939,921600,4,1280x720,1
1.3.302,coverage,0.0939999967813492,3,0.0240000486373901,1.50499999523163,AMD Radeon(TM) Graphics,1.60699999332428,integrated_gpu,AMD,,,NO_HAIR,bc073883f0825c97af93c4a4e36fa1e2-driver-8388939,921600,0,1280x720,4
1.3.302,coverage,0.212999999523163,3,0.0620002746582031,9.10499954223633,AMD Radeon(TM) Graphics,9.30799961090088,integrated_gpu,AMD,,7.5999995470047,CARD_CONTROL,bc073883f0825c97af93c4a4e36fa1e2-driver-8388939,921600,0,1280x720,4
1.3.302,coverage,0.224999994039536,3,0.0499992370605469,10.8760004043579,AMD Radeon(TM) Graphics,11.0319995880127,integrated_gpu,AMD,1.77100086212158,9.37100040912628,ALU_PROBE_96,bc073883f0825c97af93c4a4e36fa1e2-driver-8388939,921600,0,1280x720,4
1.3.302,coverage,0.24099999666214,3,0.149999618530273,17.4370002746582,AMD Radeon(TM) Graphics,18.0200004577637,integrated_gpu,AMD,8.33200073242188,15.9320002794266,LUT_PROBE_16,bc073883f0825c97af93c4a4e36fa1e2-driver-8388939,921600,0,1280x720,4
1.3.302,coverage,0.232999995350838,3,0.0569992065429688,11.0909996032715,AMD Radeon(TM) Graphics,11.2819995880127,integrated_gpu,AMD,1.98600006103516,9.58599960803986,APPROX_KAJIYA_KAY,bc073883f0825c97af93c4a4e36fa1e2-driver-8388939,921600,0,1280x720,4
1.3.302,coverage,0.244000002741814,3,0.263999938964844,13.2819995880127,AMD Radeon(TM) Graphics,13.6440000534058,integrated_gpu,AMD,4.17700004577637,11.7769995927811,FAST_MARSCHNER,bc073883f0825c97af93c4a4e36fa1e2-driver-8388939,921600,0,1280x720,4
1.3.302,coverage,0.24600000679493,3,0.534000396728516,17.2049999237061,AMD Radeon(TM) Graphics,18.8379993438721,integrated_gpu,AMD,8.10000038146973,15.6999999284744,CINEMATIC_MARSCHNER,bc073883f0825c97af93c4a4e36fa1e2-driver-8388939,921600,0,1280x720,4
1.3.302,coverage,0.259999990463257,3,0.281999588012695,16.8880004882813,AMD Radeon(TM) Graphics,17.3349990844727,integrated_gpu,AMD,7.78300094604492,15.3830004930496,REFERENCE_MARSCHNER,bc073883f0825c97af93c4a4e36fa1e2-driver-8388939,921600,0,1280x720,4
1.3.302,coverage,0.119999997317791,3,0.0299999713897705,1.52400004863739,AMD Radeon(TM) Graphics,1.63900005817413,integrated_gpu,AMD,,,NO_HAIR,bc073883f0825c97af93c4a4e36fa1e2-driver-8388939,921600,1,1280x720,4
1.3.302,coverage,0.237000003457069,3,0.0679998397827148,9.19999980926514,AMD Radeon(TM) Graphics,9.44400024414063,integrated_gpu,AMD,,7.67599976062775,CARD_CONTROL,bc073883f0825c97af93c4a4e36fa1e2-driver-8388939,921600,1,1280x720,4
1.3.302,coverage,0.24099999666214,3,0.0489997863769531,10.9309997558594,AMD Radeon(TM) Graphics,11.0989999771118,integrated_gpu,AMD,1.73099994659424,9.40699970722198,ALU_PROBE_96,bc073883f0825c97af93c4a4e36fa1e2-driver-8388939,921600,1,1280x720,4
1.3.302,coverage,0.246999993920326,3,0.16200065612793,17.7129993438721,AMD Radeon(TM) Graphics,18.326000213623,integrated_gpu,AMD,8.51299953460693,16.1889992952347,LUT_PROBE_16,bc073883f0825c97af93c4a4e36fa1e2-driver-8388939,921600,1,1280x720,4
1.3.302,coverage,0.245000004768372,3,0.673999786376953,17.4400005340576,AMD Radeon(TM) Graphics,19.2310009002686,integrated_gpu,AMD,8.24000072479248,15.9160004854202,CINEMATIC_MARSCHNER,bc073883f0825c97af93c4a4e36fa1e2-driver-8388939,921600,1,1280x720,4
1.3.302,coverage,0.239999994635582,3,0.277000427246094,13.2580003738403,AMD Radeon(TM) Graphics,13.6579999923706,integrated_gpu,AMD,4.0580005645752,11.7340003252029,FAST_MARSCHNER,bc073883f0825c97af93c4a4e36fa1e2-driver-8388939,921600,1,1280x720,4
1.3.302,coverage,0.237000003457069,3,0.060999870300293,11.0799999237061,AMD Radeon(TM) Graphics,11.2559995651245,integrated_gpu,AMD,1.88000011444092,9.55599987506866,APPROX_KAJIYA_KAY,bc073883f0825c97af93c4a4e36fa1e2-driver-8388939,921600,1,1280x720,4
1.3.302,coverage,0.254999995231628,3,0.338001251220703,16.8409996032715,AMD Radeon(TM) Graphics,17.2490005493164,integrated_gpu,AMD,7.64099979400635,15.3169995546341,REFERENCE_MARSCHNER,bc073883f0825c97af93c4a4e36fa1e2-driver-8388939,921600,1,1280x720,4
1.3.302,coverage,0.108000002801418,3,0.0260000228881836,1.51300001144409,AMD Radeon(TM) Graphics,1.67299997806549,integrated_gpu,AMD,,,NO_HAIR,bc073883f0825c97af93c4a4e36fa1e2-driver-8388939,921600,2,1280x720,4
1.3.302,coverage,0.228000000119209,3,0.0769996643066406,9.15799999237061,AMD Radeon(TM) Graphics,9.44499969482422,integrated_gpu,AMD,,7.64499998092651,CARD_CONTROL,bc073883f0825c97af93c4a4e36fa1e2-driver-8388939,921600,2,1280x720,4
1.3.302,coverage,0.222000002861023,3,0.055999755859375,10.9079999923706,AMD Radeon(TM) Graphics,11.1389999389648,integrated_gpu,AMD,1.75,9.39499998092651,ALU_PROBE_96,bc073883f0825c97af93c4a4e36fa1e2-driver-8388939,921600,2,1280x720,4
1.3.302,coverage,0.245000004768372,3,0.200000762939453,17.6909999847412,AMD Radeon(TM) Graphics,18.8969993591309,integrated_gpu,AMD,8.53299999237061,16.1779999732971,LUT_PROBE_16,bc073883f0825c97af93c4a4e36fa1e2-driver-8388939,921600,2,1280x720,4
1.3.302,coverage,0.250999987125397,3,0.722999572753906,17.0659999847412,AMD Radeon(TM) Graphics,18.9669990539551,integrated_gpu,AMD,7.90799999237061,15.5529999732971,CINEMATIC_MARSCHNER,bc073883f0825c97af93c4a4e36fa1e2-driver-8388939,921600,2,1280x720,4
1.3.302,coverage,0.254000008106232,3,0.35099983215332,16.7220001220703,AMD Radeon(TM) Graphics,17.1529998779297,integrated_gpu,AMD,7.56400012969971,15.2090001106262,REFERENCE_MARSCHNER,bc073883f0825c97af93c4a4e36fa1e2-driver-8388939,921600,2,1280x720,4
1.3.302,coverage,0.232999995350838,3,0.0790004730224609,11.1040000915527,AMD Radeon(TM) Graphics,11.4040002822876,integrated_gpu,AMD,1.94600009918213,9.59100008010864,APPROX_KAJIYA_KAY,bc073883f0825c97af93c4a4e36fa1e2-driver-8388939,921600,2,1280x720,4
1.3.302,coverage,0.238000005483627,3,0.251999855041504,13.2880001068115,AMD Radeon(TM) Graphics,13.6049995422363,integrated_gpu,AMD,4.13000011444092,11.7750000953674,FAST_MARSCHNER,bc073883f0825c97af93c4a4e36fa1e2-driver-8388939,921600,2,1280x720,4
1.3.302,coverage,0.118000000715256,3,0.0299999713897705,1.51999998092651,AMD Radeon(TM) Graphics,1.63100004196167,integrated_gpu,AMD,,,NO_HAIR,bc073883f0825c97af93c4a4e36fa1e2-driver-8388939,921600,3,1280x720,4
1.3.302,coverage,0.231000006198883,3,0.0670003890991211,9.16199970245361,AMD Radeon(TM) Graphics,9.62800025939941,integrated_gpu,AMD,,7.6419997215271,CARD_CONTROL,bc073883f0825c97af93c4a4e36fa1e2-driver-8388939,921600,3,1280x720,4
1.3.302,coverage,0.23199999332428,3,0.0549993515014648,10.9250001907349,AMD Radeon(TM) Graphics,11.085000038147,integrated_gpu,AMD,1.76300048828125,9.40500020980835,ALU_PROBE_96,bc073883f0825c97af93c4a4e36fa1e2-driver-8388939,921600,3,1280x720,4
1.3.302,coverage,0.241999998688698,3,0.268999099731445,17.75,AMD Radeon(TM) Graphics,18.8059997558594,integrated_gpu,AMD,8.58800029754639,16.2300000190735,LUT_PROBE_16,bc073883f0825c97af93c4a4e36fa1e2-driver-8388939,921600,3,1280x720,4
1.3.302,coverage,0.248999997973442,3,0.133000373840332,11.2110004425049,AMD Radeon(TM) Graphics,12.003999710083,integrated_gpu,AMD,2.04900074005127,9.69100046157837,APPROX_KAJIYA_KAY,bc073883f0825c97af93c4a4e36fa1e2-driver-8388939,921600,3,1280x720,4
1.3.302,coverage,0.252000004053116,3,0.368999481201172,16.8810005187988,AMD Radeon(TM) Graphics,17.3850002288818,integrated_gpu,AMD,7.71900081634521,15.3610005378723,REFERENCE_MARSCHNER,bc073883f0825c97af93c4a4e36fa1e2-driver-8388939,921600,3,1280x720,4
1.3.302,coverage,0.238000005483627,3,0.702001571655273,17.0890007019043,AMD Radeon(TM) Graphics,18.7150001525879,integrated_gpu,AMD,7.92700099945068,15.5690007209778,CINEMATIC_MARSCHNER,bc073883f0825c97af93c4a4e36fa1e2-driver-8388939,921600,3,1280x720,4
1.3.302,coverage,0.254000008106232,3,0.26099967956543,13.5419998168945,AMD Radeon(TM) Graphics,14.5100002288818,integrated_gpu,AMD,4.38000011444092,12.021999835968,FAST_MARSCHNER,bc073883f0825c97af93c4a4e36fa1e2-driver-8388939,921600,3,1280x720,4
1.3.302,coverage,0.101999998092651,3,0.0269999504089355,1.51800000667572,AMD Radeon(TM) Graphics,1.63199996948242,integrated_gpu,AMD,,,NO_HAIR,bc073883f0825c97af93c4a4e36fa1e2-driver-8388939,921600,4,1280x720,4
1.3.302,coverage,0.232999995350838,3,0.0729999542236328,9.13199996948242,AMD Radeon(TM) Graphics,9.43299961090088,integrated_gpu,AMD,,7.6139999628067,CARD_CONTROL,bc073883f0825c97af93c4a4e36fa1e2-driver-8388939,921600,4,1280x720,4
1.3.302,coverage,0.236000001430511,3,0.0539999008178711,10.9079999923706,AMD Radeon(TM) Graphics,11.0590000152588,integrated_gpu,AMD,1.77600002288818,9.38999998569489,ALU_PROBE_96,bc073883f0825c97af93c4a4e36fa1e2-driver-8388939,921600,4,1280x720,4
1.3.302,coverage,0.248999997973442,3,0.170999526977539,17.5830001831055,AMD Radeon(TM) Graphics,18.1410007476807,integrated_gpu,AMD,8.45100021362305,16.0650001764297,LUT_PROBE_16,bc073883f0825c97af93c4a4e36fa1e2-driver-8388939,921600,4,1280x720,4
1.3.302,coverage,0.232999995350838,3,0.060999870300293,11.076000213623,AMD Radeon(TM) Graphics,11.2889995574951,integrated_gpu,AMD,1.94400024414063,9.55800020694733,APPROX_KAJIYA_KAY,bc073883f0825c97af93c4a4e36fa1e2-driver-8388939,921600,4,1280x720,4
1.3.302,coverage,0.241999998688698,3,0.288000106811523,13.2559995651245,AMD Radeon(TM) Graphics,13.6160001754761,integrated_gpu,AMD,4.12399959564209,11.7379995584488,FAST_MARSCHNER,bc073883f0825c97af93c4a4e36fa1e2-driver-8388939,921600,4,1280x720,4
1.3.302,coverage,0.247999995946884,3,0.573999404907227,17.1159992218018,AMD Radeon(TM) Graphics,18.8449993133545,integrated_gpu,AMD,7.98399925231934,15.597999215126,CINEMATIC_MARSCHNER,bc073883f0825c97af93c4a4e36fa1e2-driver-8388939,921600,4,1280x720,4
1.3.302,coverage,0.257999986410141,3,0.153999328613281,16.9549999237061,AMD Radeon(TM) Graphics,17.2080001831055,integrated_gpu,AMD,7.82299995422363,15.4369999170303,REFERENCE_MARSCHNER,bc073883f0825c97af93c4a4e36fa1e2-driver-8388939,921600,4,1280x720,4
1.3.302,coverage,0.0979999974370003,7,0.0299999713897705,1.85599994659424,AMD Radeon(TM) Graphics,2.03299999237061,integrated_gpu,AMD,,,NO_HAIR,bc073883f0825c97af93c4a4e36fa1e2-driver-8388939,921600,0,1280x720,8
1.3.302,coverage,0.229000002145767,7,0.0570001602172852,9.33899974822998,AMD Radeon(TM) Graphics,9.49699974060059,integrated_gpu,AMD,,7.48299980163574,CARD_CONTROL,bc073883f0825c97af93c4a4e36fa1e2-driver-8388939,921600,0,1280x720,8
1.3.302,coverage,0.236000001430511,7,0.0500001907348633,11.1510000228882,AMD Radeon(TM) Graphics,11.3500003814697,integrated_gpu,AMD,1.8120002746582,9.29500007629395,ALU_PROBE_96,bc073883f0825c97af93c4a4e36fa1e2-driver-8388939,921600,0,1280x720,8
1.3.302,coverage,0.246999993920326,7,0.107000350952148,17.6849994659424,AMD Radeon(TM) Graphics,18.056999206543,integrated_gpu,AMD,8.3459997177124,15.8289995193481,LUT_PROBE_16,bc073883f0825c97af93c4a4e36fa1e2-driver-8388939,921600,0,1280x720,8
1.3.302,coverage,0.24099999666214,7,0.118999481201172,12.7770004272461,AMD Radeon(TM) Graphics,12.9860000610352,integrated_gpu,AMD,3.43800067901611,10.9210004806519,APPROX_KAJIYA_KAY,bc073883f0825c97af93c4a4e36fa1e2-driver-8388939,921600,0,1280x720,8
1.3.302,coverage,0.248999997973442,7,0.438999176025391,16.0650005340576,AMD Radeon(TM) Graphics,17.3479995727539,integrated_gpu,AMD,6.72600078582764,14.2090005874634,FAST_MARSCHNER,bc073883f0825c97af93c4a4e36fa1e2-driver-8388939,921600,0,1280x720,8
1.3.302,coverage,0.24600000679493,7,0.965999603271484,24.2980003356934,AMD Radeon(TM) Graphics,27.5729999542236,integrated_gpu,AMD,14.9590005874634,22.4420003890991,CINEMATIC_MARSCHNER,bc073883f0825c97af93c4a4e36fa1e2-driver-8388939,921600,0,1280x720,8
1.3.302,coverage,0.259999990463257,7,0.406999588012695,19.4029998779297,AMD Radeon(TM) Graphics,21.2220001220703,integrated_gpu,AMD,10.0640001296997,17.5469999313354,REFERENCE_MARSCHNER,bc073883f0825c97af93c4a4e36fa1e2-driver-8388939,921600,0,1280x720,8
1.3.302,coverage,0.0970000028610229,7,0.0379999876022339,1.87699997425079,AMD Radeon(TM) Graphics,2.04900002479553,integrated_gpu,AMD,,,NO_HAIR,bc073883f0825c97af93c4a4e36fa1e2-driver-8388939,921600,1,1280x720,8
1.3.302,coverage,0.25900000333786,7,0.211999893188477,9.6899995803833,AMD Radeon(TM) Graphics,10.5699996948242,integrated_gpu,AMD,,7.81299960613251,CARD_CONTROL,bc073883f0825c97af93c4a4e36fa1e2-driver-8388939,921600,1,1280x720,8
1.3.302,coverage,0.221000000834465,7,0.0949993133544922,11.1379995346069,AMD Radeon(TM) Graphics,11.8629999160767,integrated_gpu,AMD,1.44799995422363,9.26099956035614,ALU_PROBE_96,bc073883f0825c97af93c4a4e36fa1e2-driver-8388939,921600,1,1280x720,8
1.3.302,coverage,0.241999998688698,7,0.266000747680664,17.5990009307861,AMD Radeon(TM) Graphics,20.2269992828369,integrated_gpu,AMD,7.90900135040283,15.7220009565353,LUT_PROBE_16,bc073883f0825c97af93c4a4e36fa1e2-driver-8388939,921600,1,1280x720,8
1.3.302,coverage,0.24600000679493,7,1.18099975585938,24.125,AMD Radeon(TM) Graphics,27.6550006866455,integrated_gpu,AMD,14.4350004196167,22.2480000257492,CINEMATIC_MARSCHNER,bc073883f0825c97af93c4a4e36fa1e2-driver-8388939,921600,1,1280x720,8
1.3.302,coverage,0.233999997377396,7,0.636000633239746,16.2350006103516,AMD Radeon(TM) Graphics,17.4260005950928,integrated_gpu,AMD,6.54500102996826,14.3580006361008,FAST_MARSCHNER,bc073883f0825c97af93c4a4e36fa1e2-driver-8388939,921600,1,1280x720,8
1.3.302,coverage,0.246999993920326,7,0.197000503540039,13.0600004196167,AMD Radeon(TM) Graphics,13.4460000991821,integrated_gpu,AMD,3.3700008392334,11.1830004453659,APPROX_KAJIYA_KAY,bc073883f0825c97af93c4a4e36fa1e2-driver-8388939,921600,1,1280x720,8
1.3.302,coverage,0.24099999666214,7,0.911001205444336,19.9179992675781,AMD Radeon(TM) Graphics,21.2280006408691,integrated_gpu,AMD,10.2279996871948,18.0409992933273,REFERENCE_MARSCHNER,bc073883f0825c97af93c4a4e36fa1e2-driver-8388939,921600,1,1280x720,8
1.3.302,coverage,0.0900000035762787,7,0.0269999504089355,1.85899996757507,AMD Radeon(TM) Graphics,2.04200005531311,integrated_gpu,AMD,,,NO_HAIR,bc073883f0825c97af93c4a4e36fa1e2-driver-8388939,921600,2,1280x720,8
1.3.302,coverage,0.23199999332428,7,0.142999649047852,9.4040002822876,AMD Radeon(TM) Graphics,10.1639995574951,integrated_gpu,AMD,,7.54500031471252,CARD_CONTROL,bc073883f0825c97af93c4a4e36fa1e2-driver-8388939,921600,2,1280x720,8
1.3.302,coverage,0.234999999403954,7,0.064000129699707,11.1490001678467,AMD Radeon(TM) Graphics,11.3680000305176,integrated_gpu,AMD,1.74499988555908,9.29000020027161,ALU_PROBE_96,bc073883f0825c97af93c4a4e36fa1e2-driver-8388939,921600,2,1280x720,8
1.3.302,coverage,0.241999998688698,7,0.117000579833984,17.5480003356934,AMD Radeon(TM) Graphics,18.1389999389648,integrated_gpu,AMD,8.14400005340576,15.6890003681183,LUT_PROBE_16,bc073883f0825c97af93c4a4e36fa1e2-driver-8388939,921600,2,1280x720,8
1.3.302,coverage,0.248999997973442,7,0.927000045776367,24.2199993133545,AMD Radeon(TM) Graphics,27.3649997711182,integrated_gpu,AMD,14.8159990310669,22.3609993457794,CINEMATIC_MARSCHNER,bc073883f0825c97af93c4a4e36fa1e2-driver-8388939,921600,2,1280x720,8
1.3.302,coverage,0.252999991178513,7,0.0960006713867188,21.0459995269775,AMD Radeon(TM) Graphics,21.2649993896484,integrated_gpu,AMD,11.6419992446899,19.1869995594025,REFERENCE_MARSCHNER,bc073883f0825c97af93c4a4e36fa1e2-driver-8388939,921600,2,1280x720,8
1.3.302,coverage,0.239999994635582,7,0.121000289916992,12.8299999237061,AMD Radeon(TM) Graphics,13.2659997940063,integrated_gpu,AMD,3.42599964141846,10.970999956131,APPROX_KAJIYA_KAY,bc073883f0825c97af93c4a4e36fa1e2-driver-8388939,921600,2,1280x720,8
1.3.302,coverage,0.24600000679493,7,0.5260009765625,16.1830005645752,AMD Radeon(TM) Graphics,17.378999710083,integrated_gpu,AMD,6.7790002822876,14.3240005970001,FAST_MARSCHNER,bc073883f0825c97af93c4a4e36fa1e2-driver-8388939,921600,2,1280x720,8
1.3.302,coverage,0.0939999967813492,7,0.0270000696182251,1.85899996757507,AMD Radeon(TM) Graphics,1.96099996566772,integrated_gpu,AMD,,,NO_HAIR,bc073883f0825c97af93c4a4e36fa1e2-driver-8388939,921600,3,1280x720,8
1.3.302,coverage,0.23199999332428,7,0.060999870300293,9.35099983215332,AMD Radeon(TM) Graphics,9.63099956512451,integrated_gpu,AMD,,7.49199986457825,CARD_CONTROL,bc073883f0825c97af93c4a4e36fa1e2-driver-8388939,921600,3,1280x720,8
1.3.302,coverage,0.238000005483627,7,0.0480003356933594,11.1420001983643,AMD Radeon(TM) Graphics,11.3229999542236,integrated_gpu,AMD,1.79100036621094,9.28300023078918,ALU_PROBE_96,bc073883f0825c97af93c4a4e36fa1e2-driver-8388939,921600,3,1280x720,8
1.3.302,coverage,0.245000004768372,7,0.141000747680664,17.6700000762939,AMD Radeon(TM) Graphics,18.5659999847412,integrated_gpu,AMD,8.31900024414063,15.8110001087189,LUT_PROBE_16,bc073883f0825c97af93c4a4e36fa1e2-driver-8388939,921600,3,1280x720,8
1.3.302,coverage,0.236000001430511,7,0.105000495910645,12.7799997329712,AMD Radeon(TM) Graphics,12.9630002975464,integrated_gpu,AMD,3.42899990081787,10.9209997653961,APPROX_KAJIYA_KAY,bc073883f0825c97af93c4a4e36fa1e2-driver-8388939,921600,3,1280x720,8
1.3.302,coverage,0.25900000333786,7,0.956998825073242,20.068000793457,AMD Radeon(TM) Graphics,21.136999130249,integrated_gpu,AMD,10.7170009613037,18.209000825882,REFERENCE_MARSCHNER,bc073883f0825c97af93c4a4e36fa1e2-driver-8388939,921600,3,1280x720,8
1.3.302,coverage,0.248999997973442,7,1.14500045776367,24.3120002746582,AMD Radeon(TM) Graphics,27.5069999694824,integrated_gpu,AMD,14.9610004425049,22.4530003070831,CINEMATIC_MARSCHNER,bc073883f0825c97af93c4a4e36fa1e2-driver-8388939,921600,3,1280x720,8
1.3.302,coverage,0.250999987125397,7,0.406001091003418,16.0330009460449,AMD Radeon(TM) Graphics,17.4230003356934,integrated_gpu,AMD,6.6820011138916,14.1740009784698,FAST_MARSCHNER,bc073883f0825c97af93c4a4e36fa1e2-driver-8388939,921600,3,1280x720,8
1.3.302,coverage,0.112000003457069,7,0.031000018119812,1.8639999628067,AMD Radeon(TM) Graphics,2.03500008583069,integrated_gpu,AMD,,,NO_HAIR,bc073883f0825c97af93c4a4e36fa1e2-driver-8388939,921600,4,1280x720,8
1.3.302,coverage,0.237000003457069,7,0.0579996109008789,9.38899993896484,AMD Radeon(TM) Graphics,9.61400032043457,integrated_gpu,AMD,,7.52499997615814,CARD_CONTROL,bc073883f0825c97af93c4a4e36fa1e2-driver-8388939,921600,4,1280x720,8
1.3.302,coverage,0.24600000679493,7,0.0910005569458008,11.2290000915527,AMD Radeon(TM) Graphics,11.6979999542236,integrated_gpu,AMD,1.84000015258789,9.36500012874603,ALU_PROBE_96,bc073883f0825c97af93c4a4e36fa1e2-driver-8388939,921600,4,1280x720,8
1.3.302,coverage,0.252000004053116,7,0.149999618530273,17.7999992370605,AMD Radeon(TM) Graphics,18.5690002441406,integrated_gpu,AMD,8.4109992980957,15.9359992742538,LUT_PROBE_16,bc073883f0825c97af93c4a4e36fa1e2-driver-8388939,921600,4,1280x720,8
1.3.302,coverage,0.241999998688698,7,0.125,12.7959995269775,AMD Radeon(TM) Graphics,13.0329999923706,integrated_gpu,AMD,3.4069995880127,10.9319995641708,APPROX_KAJIYA_KAY,bc073883f0825c97af93c4a4e36fa1e2-driver-8388939,921600,4,1280x720,8
1.3.302,coverage,0.247999995946884,7,0.439999580383301,16.05299949646,AMD Radeon(TM) Graphics,17.3320007324219,integrated_gpu,AMD,6.66399955749512,14.1889995336533,FAST_MARSCHNER,bc073883f0825c97af93c4a4e36fa1e2-driver-8388939,921600,4,1280x720,8
1.3.302,coverage,0.248999997973442,7,1.27599906921387,24.238000869751,AMD Radeon(TM) Graphics,27.3990001678467,integrated_gpu,AMD,14.8490009307861,22.3740009069443,CINEMATIC_MARSCHNER,bc073883f0825c97af93c4a4e36fa1e2-driver-8388939,921600,4,1280x720,8
1.3.302,coverage,0.25900000333786,7,0.655000686645508,20.7189998626709,AMD Radeon(TM) Graphics,21.4039993286133,integrated_gpu,AMD,11.3299999237061,18.8549998998642,REFERENCE_MARSCHNER,bc073883f0825c97af93c4a4e36fa1e2-driver-8388939,921600,4,1280x720,8
1.3.302,cards,0.150000005960464,0,0.0449998378753662,2.44600009918213,AMD Radeon(TM) Graphics,2.60800004005432,integrated_gpu,AMD,,,NO_HAIR,bc073883f0825c97af93c4a4e36fa1e2-driver-8388939,2073600,0,1920x1080,1
1.3.302,cards,0.256000012159348,0,0.0760002136230469,8.94200038909912,AMD Radeon(TM) Graphics,9.30000019073486,integrated_gpu,AMD,,6.49600028991699,CARD_CONTROL,bc073883f0825c97af93c4a4e36fa1e2-driver-8388939,2073600,0,1920x1080,1
1.3.302,cards,0.254999995231628,0,0.0749998092651367,10.7810001373291,AMD Radeon(TM) Graphics,10.9829998016357,integrated_gpu,AMD,1.83899974822998,8.33500003814697,ALU_PROBE_96,bc073883f0825c97af93c4a4e36fa1e2-driver-8388939,2073600,0,1920x1080,1
1.3.302,cards,0.254000008106232,0,0.119000434875488,15.1680002212524,AMD Radeon(TM) Graphics,15.5129995346069,integrated_gpu,AMD,6.22599983215332,12.7220001220703,LUT_PROBE_16,bc073883f0825c97af93c4a4e36fa1e2-driver-8388939,2073600,0,1920x1080,1
1.3.302,cards,0.261000007390976,0,0.0830001831054688,10.2670001983643,AMD Radeon(TM) Graphics,10.5369997024536,integrated_gpu,AMD,1.32499980926514,7.82100009918213,APPROX_KAJIYA_KAY,bc073883f0825c97af93c4a4e36fa1e2-driver-8388939,2073600,0,1920x1080,1
1.3.302,cards,0.270999997854233,0,0.229000091552734,11.4270000457764,AMD Radeon(TM) Graphics,11.9870004653931,integrated_gpu,AMD,2.48499965667725,8.98099994659424,FAST_MARSCHNER,bc073883f0825c97af93c4a4e36fa1e2-driver-8388939,2073600,0,1920x1080,1
1.3.302,cards,0.25900000333786,0,0.105999946594238,12.496000289917,AMD Radeon(TM) Graphics,12.8730001449585,integrated_gpu,AMD,3.55399990081787,10.0500001907349,CINEMATIC_MARSCHNER,bc073883f0825c97af93c4a4e36fa1e2-driver-8388939,2073600,0,1920x1080,1
1.3.302,cards,0.273999989032745,0,0.0939998626708984,11.6260004043579,AMD Radeon(TM) Graphics,11.9340000152588,integrated_gpu,AMD,2.68400001525879,9.18000030517578,REFERENCE_MARSCHNER,bc073883f0825c97af93c4a4e36fa1e2-driver-8388939,2073600,0,1920x1080,1
1.3.302,cards,0.144999995827675,0,0.0520000457763672,2.45799994468689,AMD Radeon(TM) Graphics,2.60599994659424,integrated_gpu,AMD,,,NO_HAIR,bc073883f0825c97af93c4a4e36fa1e2-driver-8388939,2073600,1,1920x1080,1
1.3.302,cards,0.256999999284744,0,0.0650005340576172,8.9040002822876,AMD Radeon(TM) Graphics,9.10999965667725,integrated_gpu,AMD,,6.44600033760071,CARD_CONTROL,bc073883f0825c97af93c4a4e36fa1e2-driver-8388939,2073600,1,1920x1080,1
1.3.302,cards,0.25,0,0.0829992294311523,10.7650003433228,AMD Radeon(TM) Graphics,11.0190000534058,integrated_gpu,AMD,1.86100006103516,8.30700039863586,ALU_PROBE_96,bc073883f0825c97af93c4a4e36fa1e2-driver-8388939,2073600,1,1920x1080,1
1.3.302,cards,0.25,0,0.107000350952148,14.960000038147,AMD Radeon(TM) Graphics,15.4329996109009,integrated_gpu,AMD,6.05599975585938,12.5020000934601,LUT_PROBE_16,bc073883f0825c97af93c4a4e36fa1e2-driver-8388939,2073600,1,1920x1080,1
1.3.302,cards,0.250999987125397,0,0.0749998092651367,12.4119997024536,AMD Radeon(TM) Graphics,12.664999961853,integrated_gpu,AMD,3.50799942016602,9.95399975776672,CINEMATIC_MARSCHNER,bc073883f0825c97af93c4a4e36fa1e2-driver-8388939,2073600,1,1920x1080,1
1.3.302,cards,0.252000004053116,0,0.0759992599487305,11.1099996566772,AMD Radeon(TM) Graphics,11.3409996032715,integrated_gpu,AMD,2.20599937438965,8.65199971199036,FAST_MARSCHNER,bc073883f0825c97af93c4a4e36fa1e2-driver-8388939,2073600,1,1920x1080,1
1.3.302,cards,0.247999995946884,0,0.0840005874633789,10.2159996032715,AMD Radeon(TM) Graphics,10.5550003051758,integrated_gpu,AMD,1.31199932098389,7.75799965858459,APPROX_KAJIYA_KAY,bc073883f0825c97af93c4a4e36fa1e2-driver-8388939,2073600,1,1920x1080,1
1.3.302,cards,0.254999995231628,0,0.0659999847412109,11.4930000305176,AMD Radeon(TM) Graphics,11.6960000991821,integrated_gpu,AMD,2.58899974822998,9.03500008583069,REFERENCE_MARSCHNER,bc073883f0825c97af93c4a4e36fa1e2-driver-8388939,2073600,1,1920x1080,1
1.3.302,cards,0.14300000667572,0,0.0500001907348633,2.44899988174438,AMD Radeon(TM) Graphics,2.61199998855591,integrated_gpu,AMD,,,NO_HAIR,bc073883f0825c97af93c4a4e36fa1e2-driver-8388939,2073600,2,1920x1080,1
1.3.302,cards,0.243000000715256,0,0.0810003280639648,8.94499969482422,AMD Radeon(TM) Graphics,9.14999961853027,integrated_gpu,AMD,,6.49599981307983,CARD_CONTROL,bc073883f0825c97af93c4a4e36fa1e2-driver-8388939,2073600,2,1920x1080,1
1.3.302,cards,0.187999993562698,0,0.0729999542236328,10.8570003509521,AMD Radeon(TM) Graphics,11.2980003356934,integrated_gpu,AMD,1.91200065612793,8.40800046920776,ALU_PROBE_96,bc073883f0825c97af93c4a4e36fa1e2-driver-8388939,2073600,2,1920x1080,1
1.3.302,cards,0.25900000333786,0,0.163000106811523,15.1940002441406,AMD Radeon(TM) Graphics,16.0699996948242,integrated_gpu,AMD,6.24900054931641,12.7450003623962,LUT_PROBE_16,bc073883f0825c97af93c4a4e36fa1e2-driver-8388939,2073600,2,1920x1080,1
1.3.302,cards,0.25900000333786,0,0.0889997482299805,12.5349998474121,AMD Radeon(TM) Graphics,12.7709999084473,integrated_gpu,AMD,3.59000015258789,10.0859999656677,CINEMATIC_MARSCHNER,bc073883f0825c97af93c4a4e36fa1e2-driver-8388939,2073600,2,1920x1080,1
1.3.302,cards,0.272000014781952,0,0.0900001525878906,11.6190004348755,AMD Radeon(TM) Graphics,11.8380002975464,integrated_gpu,AMD,2.67400074005127,9.1700005531311,REFERENCE_MARSCHNER,bc073883f0825c97af93c4a4e36fa1e2-driver-8388939,2073600,2,1920x1080,1
1.3.302,cards,0.257999986410141,0,0.0859994888305664,10.2399997711182,AMD Radeon(TM) Graphics,10.4709997177124,integrated_gpu,AMD,1.29500007629395,7.79099988937378,APPROX_KAJIYA_KAY,bc073883f0825c97af93c4a4e36fa1e2-driver-8388939,2073600,2,1920x1080,1
1.3.302,cards,0.25900000333786,0,0.0890007019042969,11.1400003433228,AMD Radeon(TM) Graphics,11.3719997406006,integrated_gpu,AMD,2.19500064849854,8.69100046157837,FAST_MARSCHNER,bc073883f0825c97af93c4a4e36fa1e2-driver-8388939,2073600,2,1920x1080,1
1.3.302,cards,0.130999997258186,0,0.0469999313354492,2.43799996376038,AMD Radeon(TM) Graphics,2.65199995040894,integrated_gpu,AMD,,,NO_HAIR,bc073883f0825c97af93c4a4e36fa1e2-driver-8388939,2073600,3,1920x1080,1
1.3.302,cards,0.24600000679493,0,0.10099983215332,8.94999980926514,AMD Radeon(TM) Graphics,9.37100028991699,integrated_gpu,AMD,,6.51199984550476,CARD_CONTROL,bc073883f0825c97af93c4a4e36fa1e2-driver-8388939,2073600,3,1920x1080,1
1.3.302,cards,0.246999993920326,0,0.0710000991821289,10.7679996490479,AMD Radeon(TM) Graphics,10.9650001525879,integrated_gpu,AMD,1.81799983978271,8.32999968528748,ALU_PROBE_96,bc073883f0825c97af93c4a4e36fa1e2-driver-8388939,2073600,3,1920x1080,1
1.3.302,cards,0.252999991178513,0,0.142999649047852,15.1040000915527,AMD Radeon(TM) Graphics,15.6569995880127,integrated_gpu,AMD,6.1540002822876,12.6660001277924,LUT_PROBE_16,bc073883f0825c97af93c4a4e36fa1e2-driver-8388939,2073600,3,1920x1080,1
1.3.302,cards,0.256999999284744,0,0.0879993438720703,10.28600025177,AMD Radeon(TM) Graphics,10.5240001678467,integrated_gpu,AMD,1.33600044250488,7.84800028800964,APPROX_KAJIYA_KAY,bc073883f0825c97af93c4a4e36fa1e2-driver-8388939,2073600,3,1920x1080,1
1.3.302,cards,0.275999993085861,0,0.11299991607666,11.6490001678467,AMD Radeon(TM) Graphics,11.9879999160767,integrated_gpu,AMD,2.69900035858154,9.2110002040863,REFERENCE_MARSCHNER,bc073883f0825c97af93c4a4e36fa1e2-driver-8388939,2073600,3,1920x1080,1
1.3.302,cards,0.246999993920326,0,0.0830001831054688,12.4270000457764,AMD Radeon(TM) Graphics,12.7229995727539,integrated_gpu,AMD,3.47700023651123,9.98900008201599,CINEMATIC_MARSCHNER,bc073883f0825c97af93c4a4e36fa1e2-driver-8388939,2073600,3,1920x1080,1
1.3.302,cards,0.247999995946884,0,0.0860004425048828,11.1359996795654,AMD Radeon(TM) Graphics,11.4250001907349,integrated_gpu,AMD,2.18599987030029,8.69799971580505,FAST_MARSCHNER,bc073883f0825c97af93c4a4e36fa1e2-driver-8388939,2073600,3,1920x1080,1
1.3.302,cards,0.119000002741814,0,0.0379998683929443,2.43300008773804,AMD Radeon(TM) Graphics,2.59299993515015,integrated_gpu,AMD,,,NO_HAIR,bc073883f0825c97af93c4a4e36fa1e2-driver-8388939,2073600,4,1920x1080,1
1.3.302,cards,0.24099999666214,0,0.0879993438720703,8.9709997177124,AMD Radeon(TM) Graphics,9.19499969482422,integrated_gpu,AMD,,6.53799962997437,CARD_CONTROL,bc073883f0825c97af93c4a4e36fa1e2-driver-8388939,2073600,4,1920x1080,1
1.3.302,cards,0.254000008106232,0,0.0719995498657227,10.7869997024536,AMD Radeon(TM) Graphics,10.9890003204346,integrated_gpu,AMD,1.81599998474121,8.35399961471558,ALU_PROBE_96,bc073883f0825c97af93c4a4e36fa1e2-driver-8388939,2073600,4,1920x1080,1
1.3.302,cards,0.256999999284744,0,0.0959997177124023,15.1009998321533,AMD Radeon(TM) Graphics,15.4469995498657,integrated_gpu,AMD,6.13000011444092,12.6679997444153,LUT_PROBE_16,bc073883f0825c97af93c4a4e36fa1e2-driver-8388939,2073600,4,1920x1080,1
1.3.302,cards,0.254000008106232,0,0.074000358581543,10.2469997406006,AMD Radeon(TM) Graphics,10.4420003890991,integrated_gpu,AMD,1.27600002288818,7.81399965286255,APPROX_KAJIYA_KAY,bc073883f0825c97af93c4a4e36fa1e2-driver-8388939,2073600,4,1920x1080,1
1.3.302,cards,0.257999986410141,0,0.0819997787475586,11.1529998779297,AMD Radeon(TM) Graphics,11.3549995422363,integrated_gpu,AMD,2.18200016021729,8.71999979019165,FAST_MARSCHNER,bc073883f0825c97af93c4a4e36fa1e2-driver-8388939,2073600,4,1920x1080,1
1.3.302,cards,0.257999986410141,0,0.0769996643066406,12.5030002593994,AMD Radeon(TM) Graphics,12.7440004348755,integrated_gpu,AMD,3.53200054168701,10.0700001716614,CINEMATIC_MARSCHNER,bc073883f0825c97af93c4a4e36fa1e2-driver-8388939,2073600,4,1920x1080,1
1.3.302,cards,0.275999993085861,0,0.0880002975463867,11.6379995346069,AMD Radeon(TM) Graphics,11.8739995956421,integrated_gpu,AMD,2.66699981689453,9.2049994468689,REFERENCE_MARSCHNER,bc073883f0825c97af93c4a4e36fa1e2-driver-8388939,2073600,4,1920x1080,1
1.3.302,cards,0.328000009059906,3,0.0720000267028809,3.11400008201599,AMD Radeon(TM) Graphics,3.39299988746643,integrated_gpu,AMD,,,NO_HAIR,bc073883f0825c97af93c4a4e36fa1e2-driver-8388939,2073600,0,1920x1080,4
1.3.302,cards,0.282999992370605,3,0.348000526428223,9.83300018310547,AMD Radeon(TM) Graphics,14.0159997940063,integrated_gpu,AMD,,6.71900010108948,CARD_CONTROL,bc073883f0825c97af93c4a4e36fa1e2-driver-8388939,2073600,0,1920x1080,4
1.3.302,cards,0.282999992370605,3,0.185000419616699,11.371000289917,AMD Radeon(TM) Graphics,13.5609998703003,integrated_gpu,AMD,1.53800010681152,8.257000207901,ALU_PROBE_96,bc073883f0825c97af93c4a4e36fa1e2-driver-8388939,2073600,0,1920x1080,4
1.3.302,cards,0.30799999833107,3,0.365999221801758,17.2019996643066,AMD Radeon(TM) Graphics,19.5170001983643,integrated_gpu,AMD,7.36899948120117,14.0879995822906,LUT_PROBE_16,bc073883f0825c97af93c4a4e36fa1e2-driver-8388939,2073600,0,1920x1080,4
1.3.302,cards,0.28999999165535,3,0.255999565124512,12.1859998703003,AMD Radeon(TM) Graphics,16.2849998474121,integrated_gpu,AMD,2.35299968719482,9.0719997882843,APPROX_KAJIYA_KAY,bc073883f0825c97af93c4a4e36fa1e2-driver-8388939,2073600,0,1920x1080,4
1.3.302,cards,0.305999994277954,3,0.178999900817871,14.9130001068115,AMD Radeon(TM) Graphics,15.8809995651245,integrated_gpu,AMD,5.07999992370605,11.7990000247955,FAST_MARSCHNER,bc073883f0825c97af93c4a4e36fa1e2-driver-8388939,2073600,0,1920x1080,4
1.3.302,cards,0.28099998831749,3,0.228000640869141,19.7689990997314,AMD Radeon(TM) Graphics,20.5559997558594,integrated_gpu,AMD,9.93599891662598,16.6549990177155,CINEMATIC_MARSCHNER,bc073883f0825c97af93c4a4e36fa1e2-driver-8388939,2073600,0,1920x1080,4
1.3.302,cards,0.26800000667572,3,0.0910005569458008,14.9370002746582,AMD Radeon(TM) Graphics,15.1820001602173,integrated_gpu,AMD,5.10400009155273,11.8230001926422,REFERENCE_MARSCHNER,bc073883f0825c97af93c4a4e36fa1e2-driver-8388939,2073600,0,1920x1080,4
1.3.302,cards,0.144999995827675,3,0.0509998798370361,2.98600006103516,AMD Radeon(TM) Graphics,3.17000007629395,integrated_gpu,AMD,,,NO_HAIR,bc073883f0825c97af93c4a4e36fa1e2-driver-8388939,2073600,1,1920x1080,4
1.3.302,cards,0.246999993920326,3,0.0699996948242188,9.16100025177002,AMD Radeon(TM) Graphics,9.45199966430664,integrated_gpu,AMD,,6.17500019073486,CARD_CONTROL,bc073883f0825c97af93c4a4e36fa1e2-driver-8388939,2073600,1,1920x1080,4
1.3.302,cards,0.254000008106232,3,0.0900001525878906,11.0819997787476,AMD Radeon(TM) Graphics,11.2779998779297,integrated_gpu,AMD,1.92099952697754,8.0959997177124,ALU_PROBE_96,bc073883f0825c97af93c4a4e36fa1e2-driver-8388939,2073600,1,1920x1080,4
1.3.302,cards,0.254000008106232,3,0.10200023651123,15.4049997329712,AMD Radeon(TM) Graphics,15.8839998245239,integrated_gpu,AMD,6.24399948120117,12.418999671936,LUT_PROBE_16,bc073883f0825c97af93c4a4e36fa1e2-driver-8388939,2073600,1,1920x1080,4
1.3.302,cards,0.256999999284744,3,0.169998168945313,19.4669990539551,AMD Radeon(TM) Graphics,19.871000289917,integrated_gpu,AMD,10.3059988021851,16.4809989929199,CINEMATIC_MARSCHNER,bc073883f0825c97af93c4a4e36fa1e2-driver-8388939,2073600,1,1920x1080,4
1.3.302,cards,0.254999995231628,3,0.0920000076293945,14.3680000305176,AMD Radeon(TM) Graphics,14.6169996261597,integrated_gpu,AMD,5.20699977874756,11.3819999694824,FAST_MARSCHNER,bc073883f0825c97af93c4a4e36fa1e2-driver-8388939,2073600,1,1920x1080,4
1.3.302,cards,0.280000001192093,3,0.291000366210938,12.1730003356934,AMD Radeon(TM) Graphics,12.7489995956421,integrated_gpu,AMD,3.01200008392334,9.1870002746582,APPROX_KAJIYA_KAY,bc073883f0825c97af93c4a4e36fa1e2-driver-8388939,2073600,1,1920x1080,4
1.3.302,cards,0.270999997854233,3,0.0859994888305664,14.9759998321533,AMD Radeon(TM) Graphics,15.2480001449585,integrated_gpu,AMD,5.8149995803833,11.9899997711182,REFERENCE_MARSCHNER,bc073883f0825c97af93c4a4e36fa1e2-driver-8388939,2073600,1,1920x1080,4
1.3.302,cards,0.158999994397163,3,0.0590000152587891,3.00099992752075,AMD Radeon(TM) Graphics,3.29500007629395,integrated_gpu,AMD,,,NO_HAIR,bc073883f0825c97af93c4a4e36fa1e2-driver-8388939,2073600,2,1920x1080,4
1.3.302,cards,0.254000008106232,3,0.0830001831054688,9.21500015258789,AMD Radeon(TM) Graphics,9.49400043487549,integrated_gpu,AMD,,6.21400022506714,CARD_CONTROL,bc073883f0825c97af93c4a4e36fa1e2-driver-8388939,2073600,2,1920x1080,4
1.3.302,cards,0.252000004053116,3,0.087000846862793,11.0579996109009,AMD Radeon(TM) Graphics,11.2980003356934,integrated_gpu,AMD,1.84299945831299,8.05699968338013,ALU_PROBE_96,bc073883f0825c97af93c4a4e36fa1e2-driver-8388939,2073600,2,1920x1080,4
1.3.302,cards,0.259999990463257,3,0.143000602722168,15.5109996795654,AMD Radeon(TM) Graphics,16.0830001831055,integrated_gpu,AMD,6.29599952697754,12.5099997520447,LUT_PROBE_16,bc073883f0825c97af93c4a4e36fa1e2-driver-8388939,2073600,2,1920x1080,4
1.3.302,cards,0.257999986410141,3,0.174999237060547,19.4860000610352,AMD Radeon(TM) Graphics,19.8770008087158,integrated_gpu,AMD,10.2709999084473,16.4850001335144,CINEMATIC_MARSCHNER,bc073883f0825c97af93c4a4e36fa1e2-driver-8388939,2073600,2,1920x1080,4
1.3.302,cards,0.268999993801117,3,0.087000846862793,14.9659996032715,AMD Radeon(TM) Graphics,15.2309999465942,integrated_gpu,AMD,5.75099945068359,11.9649996757507,REFERENCE_MARSCHNER,bc073883f0825c97af93c4a4e36fa1e2-driver-8388939,2073600,2,1920x1080,4
1.3.302,cards,0.256000012159348,3,0.106999397277832,11.8170003890991,AMD Radeon(TM) Graphics,12.1099996566772,integrated_gpu,AMD,2.60200023651123,8.81600046157837,APPROX_KAJIYA_KAY,bc073883f0825c97af93c4a4e36fa1e2-driver-8388939,2073600,2,1920x1080,4
1.3.302,cards,0.256000012159348,3,0.0900001525878906,14.3859996795654,AMD Radeon(TM) Graphics,14.5930004119873,integrated_gpu,AMD,5.17099952697754,11.3849997520447,FAST_MARSCHNER,bc073883f0825c97af93c4a4e36fa1e2-driver-8388939,2073600,2,1920x1080,4
1.3.302,cards,0.167999997735024,3,0.0520000457763672,2.99399995803833,AMD Radeon(TM) Graphics,3.2279999256134,integrated_gpu,AMD,,,NO_HAIR,bc073883f0825c97af93c4a4e36fa1e2-driver-8388939,2073600,3,1920x1080,4
1.3.302,cards,0.259999990463257,3,0.0860004425048828,9.2189998626709,AMD Radeon(TM) Graphics,9.51900005340576,integrated_gpu,AMD,,6.22499990463257,CARD_CONTROL,bc073883f0825c97af93c4a4e36fa1e2-driver-8388939,2073600,3,1920x1080,4
1.3.302,cards,0.254999995231628,3,0.0940008163452148,11.0909996032715,AMD Radeon(TM) Graphics,11.3269996643066,integrated_gpu,AMD,1.87199974060059,8.09699964523315,ALU_PROBE_96,bc073883f0825c97af93c4a4e36fa1e2-driver-8388939,2073600,3,1920x1080,4
1.3.302,cards,0.259999990463257,3,0.113999366760254,15.4899997711182,AMD Radeon(TM) Graphics,15.9309997558594,integrated_gpu,AMD,6.27099990844727,12.4959998130798,LUT_PROBE_16,bc073883f0825c97af93c4a4e36fa1e2-driver-8388939,2073600,3,1920x1080,4
1.3.302,cards,0.256999999284744,3,0.104999542236328,11.8229999542236,AMD Radeon(TM) Graphics,12.0679998397827,integrated_gpu,AMD,2.60400009155273,8.8289999961853,APPROX_KAJIYA_KAY,bc073883f0825c97af93c4a4e36fa1e2-driver-8388939,2073600,3,1920x1080,4
1.3.302,cards,0.272000014781952,3,0.0889997482299805,14.9700002670288,AMD Radeon(TM) Graphics,15.2250003814697,integrated_gpu,AMD,5.75100040435791,11.9760003089905,REFERENCE_MARSCHNER,bc073883f0825c97af93c4a4e36fa1e2-driver-8388939,2073600,3,1920x1080,4
1.3.302,cards,0.259999990463257,3,0.149999618530273,19.4899997711182,AMD Radeon(TM) Graphics,19.8819999694824,integrated_gpu,AMD,10.2709999084473,16.4959998130798,CINEMATIC_MARSCHNER,bc073883f0825c97af93c4a4e36fa1e2-driver-8388939,2073600,3,1920x1080,4
1.3.302,cards,0.263999998569489,3,0.0989999771118164,14.414999961853,AMD Radeon(TM) Graphics,14.6789999008179,integrated_gpu,AMD,5.19600009918213,11.4210000038147,FAST_MARSCHNER,bc073883f0825c97af93c4a4e36fa1e2-driver-8388939,2073600,3,1920x1080,4
1.3.302,cards,0.180000007152557,3,0.0550000667572021,3.00600004196167,AMD Radeon(TM) Graphics,3.23399996757507,integrated_gpu,AMD,,,NO_HAIR,bc073883f0825c97af93c4a4e36fa1e2-driver-8388939,2073600,4,1920x1080,4
1.3.302,cards,0.259999990463257,3,0.0970001220703125,9.22999954223633,AMD Radeon(TM) Graphics,9.58600044250488,integrated_gpu,AMD,,6.22399950027466,CARD_CONTROL,bc073883f0825c97af93c4a4e36fa1e2-driver-8388939,2073600,4,1920x1080,4
1.3.302,cards,0.261000007390976,3,0.0959997177124023,11.1040000915527,AMD Radeon(TM) Graphics,11.3549995422363,integrated_gpu,AMD,1.87400054931641,8.09800004959106,ALU_PROBE_96,bc073883f0825c97af93c4a4e36fa1e2-driver-8388939,2073600,4,1920x1080,4
1.3.302,cards,0.256999999284744,3,0.100000381469727,15.4479999542236,AMD Radeon(TM) Graphics,15.8229999542236,integrated_gpu,AMD,6.2180004119873,12.441999912262,LUT_PROBE_16,bc073883f0825c97af93c4a4e36fa1e2-driver-8388939,2073600,4,1920x1080,4
1.3.302,cards,0.259999990463257,3,0.0980005264282227,11.8330001831055,AMD Radeon(TM) Graphics,12.0609998703003,integrated_gpu,AMD,2.60300064086914,8.8270001411438,APPROX_KAJIYA_KAY,bc073883f0825c97af93c4a4e36fa1e2-driver-8388939,2073600,4,1920x1080,4
1.3.302,cards,0.257999986410141,3,0.116000175476074,14.4499998092651,AMD Radeon(TM) Graphics,14.8680000305176,integrated_gpu,AMD,5.22000026702881,11.4439997673035,FAST_MARSCHNER,bc073883f0825c97af93c4a4e36fa1e2-driver-8388939,2073600,4,1920x1080,4
1.3.302,cards,0.259999990463257,3,0.173000335693359,19.5380001068115,AMD Radeon(TM) Graphics,19.9400005340576,integrated_gpu,AMD,10.3080005645752,16.5320000648499,CINEMATIC_MARSCHNER,bc073883f0825c97af93c4a4e36fa1e2-driver-8388939,2073600,4,1920x1080,4
1.3.302,cards,0.257999986410141,3,0.118000030517578,15.0299997329712,AMD Radeon(TM) Graphics,15.5659999847412,integrated_gpu,AMD,5.80000019073486,12.0239996910095,REFERENCE_MARSCHNER,bc073883f0825c97af93c4a4e36fa1e2-driver-8388939,2073600,4,1920x1080,4
1.3.302,cards,0.172000005841255,7,0.062000036239624,3.70600008964539,AMD Radeon(TM) Graphics,3.97499990463257,integrated_gpu,AMD,,,NO_HAIR,bc073883f0825c97af93c4a4e36fa1e2-driver-8388939,2073600,0,1920x1080,8
1.3.302,cards,0.252000004053116,7,0.0939998626708984,9.58500003814697,AMD Radeon(TM) Graphics,9.87800025939941,integrated_gpu,AMD,,5.87899994850159,CARD_CONTROL,bc073883f0825c97af93c4a4e36fa1e2-driver-8388939,2073600,0,1920x1080,8
1.3.302,cards,0.273000001907349,7,0.107999801635742,11.6049995422363,AMD Radeon(TM) Graphics,11.8660001754761,integrated_gpu,AMD,2.01999950408936,7.89899945259094,ALU_PROBE_96,bc073883f0825c97af93c4a4e36fa1e2-driver-8388939,2073600,0,1920x1080,8
1.3.302,cards,0.268999993801117,7,0.229000091552734,16.1459999084473,AMD Radeon(TM) Graphics,16.7800006866455,integrated_gpu,AMD,6.56099987030029,12.4399998188019,LUT_PROBE_16,bc073883f0825c97af93c4a4e36fa1e2-driver-8388939,2073600,0,1920x1080,8
1.3.302,cards,0.259999990463257,7,0.11400032043457,13.9409999847412,AMD Radeon(TM) Graphics,14.2840003967285,integrated_gpu,AMD,4.35599994659424,10.2349998950958,APPROX_KAJIYA_KAY,bc073883f0825c97af93c4a4e36fa1e2-driver-8388939,2073600,0,1920x1080,8
1.3.302,cards,0.263000011444092,7,0.136999130249023,18.8390007019043,AMD Radeon(TM) Graphics,19.2169990539551,integrated_gpu,AMD,9.25400066375732,15.1330006122589,FAST_MARSCHNER,bc073883f0825c97af93c4a4e36fa1e2-driver-8388939,2073600,0,1920x1080,8
1.3.302,cards,0.263999998569489,7,1.00500106811523,27.2490005493164,AMD Radeon(TM) Graphics,29.6060009002686,integrated_gpu,AMD,17.6640005111694,23.543000459671,CINEMATIC_MARSCHNER,bc073883f0825c97af93c4a4e36fa1e2-driver-8388939,2073600,0,1920x1080,8
1.3.302,cards,0.284999996423721,7,0.194000244140625,19.8409996032715,AMD Radeon(TM) Graphics,20.2700004577637,integrated_gpu,AMD,10.2559995651245,16.1349995136261,REFERENCE_MARSCHNER,bc073883f0825c97af93c4a4e36fa1e2-driver-8388939,2073600,0,1920x1080,8
1.3.302,cards,0.226999998092651,7,0.070000171661377,3.73200011253357,AMD Radeon(TM) Graphics,4.05100011825562,integrated_gpu,AMD,,,NO_HAIR,bc073883f0825c97af93c4a4e36fa1e2-driver-8388939,2073600,1,1920x1080,8
1.3.302,cards,0.263000011444092,7,0.0869998931884766,9.68000030517578,AMD Radeon(TM) Graphics,9.9399995803833,integrated_gpu,AMD,,5.94800019264221,CARD_CONTROL,bc073883f0825c97af93c4a4e36fa1e2-driver-8388939,2073600,1,1920x1080,8
1.3.302,cards,0.270999997854233,7,0.0930004119873047,11.5229997634888,AMD Radeon(TM) Graphics,11.8109998703003,integrated_gpu,AMD,1.84299945831299,7.7909996509552,ALU_PROBE_96,bc073883f0825c97af93c4a4e36fa1e2-driver-8388939,2073600,1,1920x1080,8
1.3.302,cards,0.272000014781952,7,0.144000053405762,15.8970003128052,AMD Radeon(TM) Graphics,16.5289993286133,integrated_gpu,AMD,6.21700000762939,12.1650002002716,LUT_PROBE_16,bc073883f0825c97af93c4a4e36fa1e2-driver-8388939,2073600,1,1920x1080,8
1.3.302,cards,0.263999998569489,7,1.02899932861328,27.4300003051758,AMD Radeon(TM) Graphics,29.6509990692139,integrated_gpu,AMD,17.75,23.6980001926422,CINEMATIC_MARSCHNER,bc073883f0825c97af93c4a4e36fa1e2-driver-8388939,2073600,1,1920x1080,8
1.3.302,cards,0.261000007390976,7,0.153999328613281,18.8649997711182,AMD Radeon(TM) Graphics,19.2549991607666,integrated_gpu,AMD,9.18499946594238,15.1329996585846,FAST_MARSCHNER,bc073883f0825c97af93c4a4e36fa1e2-driver-8388939,2073600,1,1920x1080,8
1.3.302,cards,0.246999993920326,7,0.0920000076293945,13.9460000991821,AMD Radeon(TM) Graphics,14.2620000839233,integrated_gpu,AMD,4.26599979400635,10.2139999866486,APPROX_KAJIYA_KAY,bc073883f0825c97af93c4a4e36fa1e2-driver-8388939,2073600,1,1920x1080,8
1.3.302,cards,0.266999989748001,7,0.196998596191406,19.6650009155273,AMD Radeon(TM) Graphics,20.0639991760254,integrated_gpu,AMD,9.98500061035156,15.9330008029938,REFERENCE_MARSCHNER,bc073883f0825c97af93c4a4e36fa1e2-driver-8388939,2073600,1,1920x1080,8
1.3.302,cards,0.150000005960464,7,0.0559999942779541,3.69300007820129,AMD Radeon(TM) Graphics,3.96399998664856,integrated_gpu,AMD,,,NO_HAIR,bc073883f0825c97af93c4a4e36fa1e2-driver-8388939,2073600,2,1920x1080,8
1.3.302,cards,0.263000011444092,7,0.190999984741211,9.77299976348877,AMD Radeon(TM) Graphics,10.3210000991821,integrated_gpu,AMD,,6.07999968528748,CARD_CONTROL,bc073883f0825c97af93c4a4e36fa1e2-driver-8388939,2073600,2,1920x1080,8
1.3.302,cards,0.246999993920326,7,0.0939998626708984,11.4049997329712,AMD Radeon(TM) Graphics,11.6859998703003,integrated_gpu,AMD,1.63199996948242,7.7119996547699,ALU_PROBE_96,bc073883f0825c97af93c4a4e36fa1e2-driver-8388939,2073600,2,1920x1080,8
1.3.302,cards,0.256000012159348,7,0.13599967956543,15.6300001144409,AMD Radeon(TM) Graphics,16.2999992370605,integrated_gpu,AMD,5.85700035095215,11.9370000362396,LUT_PROBE_16,bc073883f0825c97af93c4a4e36fa1e2-driver-8388939,2073600,2,1920x1080,8
1.3.302,cards,0.259999990463257,7,1.0260009765625,27.4150009155273,AMD Radeon(TM) Graphics,29.5240001678467,integrated_gpu,AMD,17.6420011520386,23.7220008373261,CINEMATIC_MARSCHNER,bc073883f0825c97af93c4a4e36fa1e2-driver-8388939,2073600,2,1920x1080,8
1.3.302,cards,0.275000005960464,7,0.187000274658203,19.7210006713867,AMD Radeon(TM) Graphics,20.1350002288818,integrated_gpu,AMD,9.94800090789795,16.0280005931854,REFERENCE_MARSCHNER,bc073883f0825c97af93c4a4e36fa1e2-driver-8388939,2073600,2,1920x1080,8
1.3.302,cards,0.259999990463257,7,0.0910005569458008,13.9230003356934,AMD Radeon(TM) Graphics,14.1929998397827,integrated_gpu,AMD,4.15000057220459,10.2300002574921,APPROX_KAJIYA_KAY,bc073883f0825c97af93c4a4e36fa1e2-driver-8388939,2073600,2,1920x1080,8
1.3.302,cards,0.259999990463257,7,0.148000717163086,18.8360004425049,AMD Radeon(TM) Graphics,19.2099990844727,integrated_gpu,AMD,9.06300067901611,15.1430003643036,FAST_MARSCHNER,bc073883f0825c97af93c4a4e36fa1e2-driver-8388939,2073600,2,1920x1080,8
1.3.302,cards,0.17399999499321,7,0.0569999217987061,3.6949999332428,AMD Radeon(TM) Graphics,3.97000002861023,integrated_gpu,AMD,,,NO_HAIR,bc073883f0825c97af93c4a4e36fa1e2-driver-8388939,2073600,3,1920x1080,8
1.3.302,cards,0.257999986410141,7,0.108999252319336,9.61200046539307,AMD Radeon(TM) Graphics,10.0539999008179,integrated_gpu,AMD,,5.91700053215027,CARD_CONTROL,bc073883f0825c97af93c4a4e36fa1e2-driver-8388939,2073600,3,1920x1080,8
1.3.302,cards,0.250999987125397,7,0.0850000381469727,11.4779996871948,AMD Radeon(TM) Graphics,11.7440004348755,integrated_gpu,AMD,1.86599922180176,7.78299975395203,ALU_PROBE_96,bc073883f0825c97af93c4a4e36fa1e2-driver-8388939,2073600,3,1920x1080,8
1.3.302,cards,0.275000005960464,7,0.430999755859375,16.2059993743896,AMD Radeon(TM) Graphics,17.7290000915527,integrated_gpu,AMD,6.59399890899658,12.5109994411469,LUT_PROBE_16,bc073883f0825c97af93c4a4e36fa1e2-driver-8388939,2073600,3,1920x1080,8
1.3.302,cards,0.256999999284744,7,0.0859994888305664,13.8760004043579,AMD Radeon(TM) Graphics,14.1599998474121,integrated_gpu,AMD,4.26399993896484,10.1810004711151,APPROX_KAJIYA_KAY,bc073883f0825c97af93c4a4e36fa1e2-driver-8388939,2073600,3,1920x1080,8
1.3.302,cards,0.273000001907349,7,0.180000305175781,19.7089996337891,AMD Radeon(TM) Graphics,20.1389999389648,integrated_gpu,AMD,10.096999168396,16.0139997005463,REFERENCE_MARSCHNER,bc073883f0825c97af93c4a4e36fa1e2-driver-8388939,2073600,3,1920x1080,8
1.3.302,cards,0.296999990940094,7,1.36800003051758,28.7409992218018,AMD Radeon(TM) Graphics,32.2900009155273,integrated_gpu,AMD,19.1289987564087,25.045999288559,CINEMATIC_MARSCHNER,bc073883f0825c97af93c4a4e36fa1e2-driver-8388939,2073600,3,1920x1080,8
1.3.302,cards,0.261000007390976,7,0.145000457763672,18.7849998474121,AMD Radeon(TM) Graphics,19.1340007781982,integrated_gpu,AMD,9.17299938201904,15.0899999141693,FAST_MARSCHNER,bc073883f0825c97af93c4a4e36fa1e2-driver-8388939,2073600,3,1920x1080,8
1.3.302,cards,0.211999997496605,7,0.0860002040863037,3.75200009346008,AMD Radeon(TM) Graphics,4.06199979782104,integrated_gpu,AMD,,,NO_HAIR,bc073883f0825c97af93c4a4e36fa1e2-driver-8388939,2073600,4,1920x1080,8
1.3.302,cards,0.263999998569489,7,0.11199951171875,9.63099956512451,AMD Radeon(TM) Graphics,10.0229997634888,integrated_gpu,AMD,,5.87899947166443,CARD_CONTROL,bc073883f0825c97af93c4a4e36fa1e2-driver-8388939,2073600,4,1920x1080,8
1.3.302,cards,0.28099998831749,7,0.223000526428223,11.6700000762939,AMD Radeon(TM) Graphics,12.4689998626709,integrated_gpu,AMD,2.03900051116943,7.91799998283386,ALU_PROBE_96,bc073883f0825c97af93c4a4e36fa1e2-driver-8388939,2073600,4,1920x1080,8
1.3.302,cards,0.27700001001358,7,0.26099967956543,16.1149997711182,AMD Radeon(TM) Graphics,18.5799999237061,integrated_gpu,AMD,6.48400020599365,12.3629996776581,LUT_PROBE_16,bc073883f0825c97af93c4a4e36fa1e2-driver-8388939,2073600,4,1920x1080,8
1.3.302,cards,0.261999994516373,7,0.121999740600586,13.9490003585815,AMD Radeon(TM) Graphics,14.3439998626709,integrated_gpu,AMD,4.31800079345703,10.1970002651215,APPROX_KAJIYA_KAY,bc073883f0825c97af93c4a4e36fa1e2-driver-8388939,2073600,4,1920x1080,8
1.3.302,cards,0.261000007390976,7,0.150001525878906,18.8899993896484,AMD Radeon(TM) Graphics,19.2689990997314,integrated_gpu,AMD,9.25899982452393,15.1379992961884,FAST_MARSCHNER,bc073883f0825c97af93c4a4e36fa1e2-driver-8388939,2073600,4,1920x1080,8
1.3.302,cards,0.264999985694885,7,0.98699951171875,27.4120006561279,AMD Radeon(TM) Graphics,29.6019992828369,integrated_gpu,AMD,17.7810010910034,23.6600005626678,CINEMATIC_MARSCHNER,bc073883f0825c97af93c4a4e36fa1e2-driver-8388939,2073600,4,1920x1080,8
1.3.302,cards,0.296999990940094,7,0.291000366210938,20.1119995117188,AMD Radeon(TM) Graphics,21.0839996337891,integrated_gpu,AMD,10.4809999465942,16.3599994182587,REFERENCE_MARSCHNER,bc073883f0825c97af93c4a4e36fa1e2-driver-8388939,2073600,4,1920x1080,8
1.3.302,coverage,0.14300000667572,0,0.0509998798370361,2.43899989128113,AMD Radeon(TM) Graphics,2.60199999809265,integrated_gpu,AMD,,,NO_HAIR,bc073883f0825c97af93c4a4e36fa1e2-driver-8388939,2073600,0,1920x1080,1
1.3.302,coverage,0.233999997377396,0,0.0919990539550781,17.2210006713867,AMD Radeon(TM) Graphics,17.5790004730225,integrated_gpu,AMD,,14.7820007801056,CARD_CONTROL,bc073883f0825c97af93c4a4e36fa1e2-driver-8388939,2073600,0,1920x1080,1
1.3.302,coverage,0.225999996066093,0,0.0979995727539063,20.4300003051758,AMD Radeon(TM) Graphics,20.7299995422363,integrated_gpu,AMD,3.20899963378906,17.9910004138947,ALU_PROBE_96,bc073883f0825c97af93c4a4e36fa1e2-driver-8388939,2073600,0,1920x1080,1
1.3.302,coverage,0.239999994635582,0,0.464000701904297,32.75,AMD Radeon(TM) Graphics,34.7649993896484,integrated_gpu,AMD,15.5289993286133,30.3110001087189,LUT_PROBE_16,bc073883f0825c97af93c4a4e36fa1e2-driver-8388939,2073600,0,1920x1080,1
1.3.302,coverage,0.231000006198883,0,0.155000686645508,19.2849998474121,AMD Radeon(TM) Graphics,19.9899997711182,integrated_gpu,AMD,2.06399917602539,16.845999956131,APPROX_KAJIYA_KAY,bc073883f0825c97af93c4a4e36fa1e2-driver-8388939,2073600,0,1920x1080,1
1.3.302,coverage,0.222000002861023,0,0.11199951171875,20.7980003356934,AMD Radeon(TM) Graphics,21.1989994049072,integrated_gpu,AMD,3.57699966430664,18.3590004444122,FAST_MARSCHNER,bc073883f0825c97af93c4a4e36fa1e2-driver-8388939,2073600,0,1920x1080,1
1.3.302,coverage,0.238000005483627,0,0.37700080871582,23.7250003814697,AMD Radeon(TM) Graphics,25.0620002746582,integrated_gpu,AMD,6.50399971008301,21.2860004901886,CINEMATIC_MARSCHNER,bc073883f0825c97af93c4a4e36fa1e2-driver-8388939,2073600,0,1920x1080,1
1.3.302,coverage,0.226999998092651,0,0.161001205444336,27.0510005950928,AMD Radeon(TM) Graphics,27.6040000915527,integrated_gpu,AMD,9.82999992370605,24.6120007038116,REFERENCE_MARSCHNER,bc073883f0825c97af93c4a4e36fa1e2-driver-8388939,2073600,0,1920x1080,1
1.3.302,coverage,0.125,0,0.0470001697540283,2.42199993133545,AMD Radeon(TM) Graphics,2.60500001907349,integrated_gpu,AMD,,,NO_HAIR,bc073883f0825c97af93c4a4e36fa1e2-driver-8388939,2073600,1,1920x1080,1
1.3.302,coverage,0.221000000834465,0,0.0849990844726563,17.0659999847412,AMD Radeon(TM) Graphics,17.431999206543,integrated_gpu,AMD,,14.6440000534058,CARD_CONTROL,bc073883f0825c97af93c4a4e36fa1e2-driver-8388939,2073600,1,1920x1080,1
1.3.302,coverage,0.223000004887581,0,0.112998962402344,20.4379997253418,AMD Radeon(TM) Graphics,21.0020008087158,integrated_gpu,AMD,3.37199974060059,18.0159997940063,ALU_PROBE_96,bc073883f0825c97af93c4a4e36fa1e2-driver-8388939,2073600,1,1920x1080,1
1.3.302,coverage,0.23199999332428,0,0.527999877929688,32.3959999084473,AMD Radeon(TM) Graphics,35.8139991760254,integrated_gpu,AMD,15.3299999237061,29.9739999771118,LUT_PROBE_16,bc073883f0825c97af93c4a4e36fa1e2-driver-8388939,2073600,1,1920x1080,1
1.3.302,coverage,0.256999999284744,0,0.450000762939453,23.9890003204346,AMD Radeon(TM) Graphics,25.496000289917,integrated_gpu,AMD,6.92300033569336,21.5670003890991,CINEMATIC_MARSCHNER,bc073883f0825c97af93c4a4e36fa1e2-driver-8388939,2073600,1,1920x1080,1
1.3.302,coverage,0.233999997377396,0,0.13800048828125,20.9069995880127,AMD Radeon(TM) Graphics,21.6580009460449,integrated_gpu,AMD,3.84099960327148,18.4849996566772,FAST_MARSCHNER,bc073883f0825c97af93c4a4e36fa1e2-driver-8388939,2073600,1,1920x1080,1
1.3.302,coverage,0.224000006914139,0,0.10099983215332,19.2439994812012,AMD Radeon(TM) Graphics,19.5699996948242,integrated_gpu,AMD,2.17799949645996,16.8219995498657,APPROX_KAJIYA_KAY,bc073883f0825c97af93c4a4e36fa1e2-driver-8388939,2073600,1,1920x1080,1
1.3.302,coverage,0.219999998807907,0,0.114999771118164,26.8400001525879,AMD Radeon(TM) Graphics,27.2029991149902,integrated_gpu,AMD,9.77400016784668,24.4180002212524,REFERENCE_MARSCHNER,bc073883f0825c97af93c4a4e36fa1e2-driver-8388939,2073600,1,1920x1080,1
1.3.302,coverage,0.115000002086163,0,0.0429999828338623,2.43199992179871,AMD Radeon(TM) Graphics,2.58400011062622,integrated_gpu,AMD,,,NO_HAIR,bc073883f0825c97af93c4a4e36fa1e2-driver-8388939,2073600,2,1920x1080,1
1.3.302,coverage,0.229000002145767,0,0.115999221801758,17.2129993438721,AMD Radeon(TM) Graphics,17.6660003662109,integrated_gpu,AMD,,14.7809994220734,CARD_CONTROL,bc073883f0825c97af93c4a4e36fa1e2-driver-8388939,2073600,2,1920x1080,1
1.3.302,coverage,0.226999998092651,0,0.0959987640380859,20.4400005340576,AMD Radeon(TM) Graphics,20.7560005187988,integrated_gpu,AMD,3.22700119018555,18.0080006122589,ALU_PROBE_96,bc073883f0825c97af93c4a4e36fa1e2-driver-8388939,2073600,2,1920x1080,1
1.3.302,coverage,0.230000004172325,0,0.338996887207031,32.351001739502,AMD Radeon(TM) Graphics,34.4010009765625,integrated_gpu,AMD,15.1380023956299,29.9190018177032,LUT_PROBE_16,bc073883f0825c97af93c4a4e36fa1e2-driver-8388939,2073600,2,1920x1080,1
1.3.302,coverage,0.234999999403954,0,0.1510009765625,23.4659996032715,AMD Radeon(TM) Graphics,23.886999130249,integrated_gpu,AMD,6.25300025939941,21.0339996814728,CINEMATIC_MARSCHNER,bc073883f0825c97af93c4a4e36fa1e2-driver-8388939,2073600,2,1920x1080,1
1.3.302,coverage,0.230000004172325,0,0.12700080871582,26.8470001220703,AMD Radeon(TM) Graphics,27.2409992218018,integrated_gpu,AMD,9.63400077819824,24.4150002002716,REFERENCE_MARSCHNER,bc073883f0825c97af93c4a4e36fa1e2-driver-8388939,2073600,2,1920x1080,1
1.3.302,coverage,0.24099999666214,0,0.221000671386719,19.3190002441406,AMD Radeon(TM) Graphics,20.3229999542236,integrated_gpu,AMD,2.10600090026855,16.8870003223419,APPROX_KAJIYA_KAY,bc073883f0825c97af93c4a4e36fa1e2-driver-8388939,2073600,2,1920x1080,1
1.3.302,coverage,0.24600000679493,0,0.285999298095703,21.1679992675781,AMD Radeon(TM) Graphics,22.3139991760254,integrated_gpu,AMD,3.95499992370605,18.7359993457794,FAST_MARSCHNER,bc073883f0825c97af93c4a4e36fa1e2-driver-8388939,2073600,2,1920x1080,1
1.3.302,coverage,0.160999998450279,0,0.0520000457763672,2.46099996566772,AMD Radeon(TM) Graphics,2.68700003623962,integrated_gpu,AMD,,,NO_HAIR,bc073883f0825c97af93c4a4e36fa1e2-driver-8388939,2073600,3,1920x1080,1
1.3.302,coverage,0.229000002145767,0,0.132999420166016,17.1420001983643,AMD Radeon(TM) Graphics,17.8379993438721,integrated_gpu,AMD,,14.6810002326965,CARD_CONTROL,bc073883f0825c97af93c4a4e36fa1e2-driver-8388939,2073600,3,1920x1080,1
1.3.302,coverage,0.229000002145767,0,0.112001419067383,20.4740009307861,AMD Radeon(TM) Graphics,20.9220008850098,integrated_gpu,AMD,3.33200073242188,18.0130009651184,ALU_PROBE_96,bc073883f0825c97af93c4a4e36fa1e2-driver-8388939,2073600,3,1920x1080,1
1.3.302,coverage,0.231000006198883,0,0.341001510620117,32.1430015563965,AMD Radeon(TM) Graphics,35.4739990234375,integrated_gpu,AMD,15.0010013580322,29.6820015907288,LUT_PROBE_16,bc073883f0825c97af93c4a4e36fa1e2-driver-8388939,2073600,3,1920x1080,1
1.3.302,coverage,0.238000005483627,0,0.22599983215332,19.4169998168945,AMD Radeon(TM) Graphics,20.5380001068115,integrated_gpu,AMD,2.27499961853027,16.9559998512268,APPROX_KAJIYA_KAY,bc073883f0825c97af93c4a4e36fa1e2-driver-8388939,2073600,3,1920x1080,1
1.3.302,coverage,0.223000004887581,0,0.102998733520508,26.8309993743896,AMD Radeon(TM) Graphics,27.1509990692139,integrated_gpu,AMD,9.68899917602539,24.3699994087219,REFERENCE_MARSCHNER,bc073883f0825c97af93c4a4e36fa1e2-driver-8388939,2073600,3,1920x1080,1
1.3.302,coverage,0.231000006198883,0,0.132999420166016,23.3139991760254,AMD Radeon(TM) Graphics,23.8080005645752,integrated_gpu,AMD,6.17199897766113,20.8529992103577,CINEMATIC_MARSCHNER,bc073883f0825c97af93c4a4e36fa1e2-driver-8388939,2073600,3,1920x1080,1
1.3.302,coverage,0.229000002145767,0,0.155000686645508,20.9150009155273,AMD Radeon(TM) Graphics,21.7019996643066,integrated_gpu,AMD,3.77300071716309,18.4540009498596,FAST_MARSCHNER,bc073883f0825c97af93c4a4e36fa1e2-driver-8388939,2073600,3,1920x1080,1
1.3.302,coverage,0.149000003933907,0,0.0720000267028809,2.51699995994568,AMD Radeon(TM) Graphics,2.80100011825562,integrated_gpu,AMD,,,NO_HAIR,bc073883f0825c97af93c4a4e36fa1e2-driver-8388939,2073600,4,1920x1080,1
1.3.302,coverage,0.238999992609024,0,0.174999237060547,17.3139991760254,AMD Radeon(TM) Graphics,18.5890007019043,integrated_gpu,AMD,,14.7969992160797,CARD_CONTROL,bc073883f0825c97af93c4a4e36fa1e2-driver-8388939,2073600,4,1920x1080,1
1.3.302,coverage,0.231000006198883,0,0.103000640869141,20.3990001678467,AMD Radeon(TM) Graphics,20.7830009460449,integrated_gpu,AMD,3.08500099182129,17.882000207901,ALU_PROBE_96,bc073883f0825c97af93c4a4e36fa1e2-driver-8388939,2073600,4,1920x1080,1
1.3.302,coverage,0.238000005483627,0,0.6719970703125,32.5880012512207,AMD Radeon(TM) Graphics,37.4809989929199,integrated_gpu,AMD,15.2740020751953,30.071001291275,LUT_PROBE_16,bc073883f0825c97af93c4a4e36fa1e2-driver-8388939,2073600,4,1920x1080,1
1.3.302,coverage,0.239999994635582,0,0.159000396728516,19.4440002441406,AMD Radeon(TM) Graphics,20.117000579834,integrated_gpu,AMD,2.13000106811523,16.9270002841949,APPROX_KAJIYA_KAY,bc073883f0825c97af93c4a4e36fa1e2-driver-8388939,2073600,4,1920x1080,1
1.3.302,coverage,0.23199999332428,0,0.119001388549805,20.9850006103516,AMD Radeon(TM) Graphics,21.443000793457,integrated_gpu,AMD,3.67100143432617,18.4680006504059,FAST_MARSCHNER,bc073883f0825c97af93c4a4e36fa1e2-driver-8388939,2073600,4,1920x1080,1
1.3.302,coverage,0.239999994635582,0,0.222999572753906,23.6560001373291,AMD Radeon(TM) Graphics,24.7019996643066,integrated_gpu,AMD,6.34200096130371,21.1390001773834,CINEMATIC_MARSCHNER,bc073883f0825c97af93c4a4e36fa1e2-driver-8388939,2073600,4,1920x1080,1
1.3.302,coverage,0.231000006198883,0,0.130001068115234,26.9759998321533,AMD Radeon(TM) Graphics,27.3549995422363,integrated_gpu,AMD,9.66200065612793,24.4589998722076,REFERENCE_MARSCHNER,bc073883f0825c97af93c4a4e36fa1e2-driver-8388939,2073600,4,1920x1080,1
1.3.302,coverage,0.165000006556511,3,0.0529999732971191,3.00699996948242,AMD Radeon(TM) Graphics,3.22000002861023,integrated_gpu,AMD,,,NO_HAIR,bc073883f0825c97af93c4a4e36fa1e2-driver-8388939,2073600,0,1920x1080,4
1.3.302,coverage,0.230000004172325,3,0.118000030517578,17.6340007781982,AMD Radeon(TM) Graphics,18.1569995880127,integrated_gpu,AMD,,14.6270008087158,CARD_CONTROL,bc073883f0825c97af93c4a4e36fa1e2-driver-8388939,2073600,0,1920x1080,4
1.3.302,coverage,0.231000006198883,3,0.11400032043457,20.9069995880127,AMD Radeon(TM) Graphics,21.2240009307861,integrated_gpu,AMD,3.27299880981445,17.8999996185303,ALU_PROBE_96,bc073883f0825c97af93c4a4e36fa1e2-driver-8388939,2073600,0,1920x1080,4
1.3.302,coverage,0.233999997377396,3,0.25,32.7849998474121,AMD Radeon(TM) Graphics,33.8460006713867,integrated_gpu,AMD,15.1509990692139,29.7779998779297,LUT_PROBE_16,bc073883f0825c97af93c4a4e36fa1e2-driver-8388939,2073600,0,1920x1080,4
1.3.302,coverage,0.248999997973442,3,0.340000152587891,22.1569995880127,AMD Radeon(TM) Graphics,23.5149993896484,integrated_gpu,AMD,4.52299880981445,19.1499996185303,APPROX_KAJIYA_KAY,bc073883f0825c97af93c4a4e36fa1e2-driver-8388939,2073600,0,1920x1080,4
1.3.302,coverage,0.23199999332428,3,0.225000381469727,26.1060009002686,AMD Radeon(TM) Graphics,26.7269992828369,integrated_gpu,AMD,8.47200012207031,23.0990009307861,FAST_MARSCHNER,bc073883f0825c97af93c4a4e36fa1e2-driver-8388939,2073600,0,1920x1080,4
1.3.302,coverage,0.245000004768372,3,0.947998046875,36.060001373291,AMD Radeon(TM) Graphics,37.7019996643066,integrated_gpu,AMD,18.4260005950928,33.0530014038086,CINEMATIC_MARSCHNER,bc073883f0825c97af93c4a4e36fa1e2-driver-8388939,2073600,0,1920x1080,4
1.3.302,coverage,0.226999998092651,3,0.240001678466797,32.5,AMD Radeon(TM) Graphics,33.0209999084473,integrated_gpu,AMD,14.8659992218018,29.4930000305176,REFERENCE_MARSCHNER,bc073883f0825c97af93c4a4e36fa1e2-driver-8388939,2073600,0,1920x1080,4
1.3.302,coverage,0.199000000953674,3,0.0490000247955322,3.0239999294281,AMD Radeon(TM) Graphics,3.25,integrated_gpu,AMD,,,NO_HAIR,bc073883f0825c97af93c4a4e36fa1e2-driver-8388939,2073600,1,1920x1080,4
1.3.302,coverage,0.233999997377396,3,0.142999649047852,17.7709999084473,AMD Radeon(TM) Graphics,18.242000579834,integrated_gpu,AMD,,14.7469999790192,CARD_CONTROL,bc073883f0825c97af93c4a4e36fa1e2-driver-8388939,2073600,1,1920x1080,4
1.3.302,coverage,0.230000004172325,3,0.10099983215332,20.8339996337891,AMD Radeon(TM) Graphics,21.1509990692139,integrated_gpu,AMD,3.0629997253418,17.809999704361,ALU_PROBE_96,bc073883f0825c97af93c4a4e36fa1e2-driver-8388939,2073600,1,1920x1080,4
1.3.302,coverage,0.233999997377396,3,0.230998992919922,32.6720008850098,AMD Radeon(TM) Graphics,33.5950012207031,integrated_gpu,AMD,14.9010009765625,29.6480009555817,LUT_PROBE_16,bc073883f0825c97af93c4a4e36fa1e2-driver-8388939,2073600,1,1920x1080,4
1.3.302,coverage,0.23199999332428,3,1.08200073242188,35.2360000610352,AMD Radeon(TM) Graphics,36.7050018310547,integrated_gpu,AMD,17.4650001525879,32.2120001316071,CINEMATIC_MARSCHNER,bc073883f0825c97af93c4a4e36fa1e2-driver-8388939,2073600,1,1920x1080,4
1.3.302,coverage,0.228000000119209,3,0.191999435424805,25.9570007324219,AMD Radeon(TM) Graphics,26.4169998168945,integrated_gpu,AMD,8.18600082397461,22.9330008029938,FAST_MARSCHNER,bc073883f0825c97af93c4a4e36fa1e2-driver-8388939,2073600,1,1920x1080,4
1.3.302,coverage,0.231000006198883,3,0.0890007019042969,21.5330009460449,AMD Radeon(TM) Graphics,21.8419990539551,integrated_gpu,AMD,3.76200103759766,18.5090010166168,APPROX_KAJIYA_KAY,bc073883f0825c97af93c4a4e36fa1e2-driver-8388939,2073600,1,1920x1080,4
1.3.302,coverage,0.225999996066093,3,0.246997833251953,32.3320007324219,AMD Radeon(TM) Graphics,32.898998260498,integrated_gpu,AMD,14.5610008239746,29.3080008029938,REFERENCE_MARSCHNER,bc073883f0825c97af93c4a4e36fa1e2-driver-8388939,2073600,1,1920x1080,4
1.3.302,coverage,0.170000001788139,3,0.0490000247955322,2.9909999370575,AMD Radeon(TM) Graphics,3.23200011253357,integrated_gpu,AMD,,,NO_HAIR,bc073883f0825c97af93c4a4e36fa1e2-driver-8388939,2073600,2,1920x1080,4
1.3.302,coverage,0.224999994039536,3,0.0889987945556641,17.5709991455078,AMD Radeon(TM) Graphics,17.8159999847412,integrated_gpu,AMD,,14.5799992084503,CARD_CONTROL,bc073883f0825c97af93c4a4e36fa1e2-driver-8388939,2073600,2,1920x1080,4
1.3.302,coverage,0.225999996066093,3,0.0839996337890625,20.8369998931885,AMD Radeon(TM) Graphics,21.0979995727539,integrated_gpu,AMD,3.26600074768066,17.845999956131,ALU_PROBE_96,bc073883f0825c97af93c4a4e36fa1e2-driver-8388939,2073600,2,1920x1080,4
1.3.302,coverage,0.225999996066093,3,0.140998840332031,32.3639984130859,AMD Radeon(TM) Graphics,32.9939994812012,integrated_gpu,AMD,14.7929992675781,29.3729984760284,LUT_PROBE_16,bc073883f0825c97af93c4a4e36fa1e2-driver-8388939,2073600,2,1920x1080,4
1.3.302,coverage,0.237000003457069,3,0.874000549316406,35.7729988098145,AMD Radeon(TM) Graphics,37.4970016479492,integrated_gpu,AMD,18.2019996643066,32.781998872757,CINEMATIC_MARSCHNER,bc073883f0825c97af93c4a4e36fa1e2-driver-8388939,2073600,2,1920x1080,4
1.3.302,coverage,0.230000004172325,3,0.274002075195313,32.4080009460449,AMD Radeon(TM) Graphics,32.9290008544922,integrated_gpu,AMD,14.8370018005371,29.4170010089874,REFERENCE_MARSCHNER,bc073883f0825c97af93c4a4e36fa1e2-driver-8388939,2073600,2,1920x1080,4
1.3.302,coverage,0.23199999332428,3,0.111000061035156,21.6909999847412,AMD Radeon(TM) Graphics,22.0359992980957,integrated_gpu,AMD,4.1200008392334,18.7000000476837,APPROX_KAJIYA_KAY,bc073883f0825c97af93c4a4e36fa1e2-driver-8388939,2073600,2,1920x1080,4
1.3.302,coverage,0.231000006198883,3,0.170999526977539,26.0659999847412,AMD Radeon(TM) Graphics,26.5249996185303,integrated_gpu,AMD,8.4950008392334,23.0750000476837,FAST_MARSCHNER,bc073883f0825c97af93c4a4e36fa1e2-driver-8388939,2073600,2,1920x1080,4
1.3.302,coverage,0.217999994754791,3,0.0959999561309814,3.12599992752075,AMD Radeon(TM) Graphics,3.44600009918213,integrated_gpu,AMD,,,NO_HAIR,bc073883f0825c97af93c4a4e36fa1e2-driver-8388939,2073600,3,1920x1080,4
1.3.302,coverage,0.23199999332428,3,0.125,17.7229995727539,AMD Radeon(TM) Graphics,18.1490001678467,integrated_gpu,AMD,,14.5969996452332,CARD_CONTROL,bc073883f0825c97af93c4a4e36fa1e2-driver-8388939,2073600,3,1920x1080,4
1.3.302,coverage,0.233999997377396,3,0.121999740600586,20.9599990844727,AMD Radeon(TM) Graphics,21.4640007019043,integrated_gpu,AMD,3.23699951171875,17.8339991569519,ALU_PROBE_96,bc073883f0825c97af93c4a4e36fa1e2-driver-8388939,2073600,3,1920x1080,4
1.3.302,coverage,0.236000001430511,3,0.256999969482422,33.0499992370605,AMD Radeon(TM) Graphics,34.4440002441406,integrated_gpu,AMD,15.3269996643066,29.9239993095398,LUT_PROBE_16,bc073883f0825c97af93c4a4e36fa1e2-driver-8388939,2073600,3,1920x1080,4
1.3.302,coverage,0.23199999332428,3,0.115999221801758,21.7259998321533,AMD Radeon(TM) Graphics,22.0599994659424,integrated_gpu,AMD,4.00300025939941,18.5999999046326,APPROX_KAJIYA_KAY,bc073883f0825c97af93c4a4e36fa1e2-driver-8388939,2073600,3,1920x1080,4
1.3.302,coverage,0.231000006198883,3,0.248996734619141,32.601001739502,AMD Radeon(TM) Graphics,33.3240013122559,integrated_gpu,AMD,14.878002166748,29.4750018119812,REFERENCE_MARSCHNER,bc073883f0825c97af93c4a4e36fa1e2-driver-8388939,2073600,3,1920x1080,4
1.3.302,coverage,0.233999997377396,3,1.11299896240234,35.5940017700195,AMD Radeon(TM) Graphics,36.9539985656738,integrated_gpu,AMD,17.8710021972656,32.4680018424988,CINEMATIC_MARSCHNER,bc073883f0825c97af93c4a4e36fa1e2-driver-8388939,2073600,3,1920x1080,4
1.3.302,coverage,0.228000000119209,3,0.148000717163086,26.2189998626709,AMD Radeon(TM) Graphics,26.6140003204346,integrated_gpu,AMD,8.49600028991699,23.0929999351501,FAST_MARSCHNER,bc073883f0825c97af93c4a4e36fa1e2-driver-8388939,2073600,3,1920x1080,4
1.3.302,coverage,0.218999996781349,3,0.0550000667572021,3.04200005531311,AMD Radeon(TM) Graphics,3.28699994087219,integrated_gpu,AMD,,,NO_HAIR,bc073883f0825c97af93c4a4e36fa1e2-driver-8388939,2073600,4,1920x1080,4
1.3.302,coverage,0.254999995231628,3,0.478000640869141,18.3659992218018,AMD Radeon(TM) Graphics,19.3770008087158,integrated_gpu,AMD,,15.3239991664886,CARD_CONTROL,bc073883f0825c97af93c4a4e36fa1e2-driver-8388939,2073600,4,1920x1080,4
1.3.302,coverage,0.282000005245209,3,0.163999557495117,21.7770004272461,AMD Radeon(TM) Graphics,22.3799991607666,integrated_gpu,AMD,3.41100120544434,18.735000371933,ALU_PROBE_96,bc073883f0825c97af93c4a4e36fa1e2-driver-8388939,2073600,4,1920x1080,4
1.3.302,coverage,0.272000014781952,3,0.525997161865234,35.5309982299805,AMD Radeon(TM) Graphics,40.1339988708496,integrated_gpu,AMD,17.1649990081787,32.4889981746674,LUT_PROBE_16,bc073883f0825c97af93c4a4e36fa1e2-driver-8388939,2073600,4,1920x1080,4
1.3.302,coverage,0.256999999284744,3,0.118999481201172,22.4270000457764,AMD Radeon(TM) Graphics,22.9540004730225,integrated_gpu,AMD,4.06100082397461,19.3849999904633,APPROX_KAJIYA_KAY,bc073883f0825c97af93c4a4e36fa1e2-driver-8388939,2073600,4,1920x1080,4
1.3.302,coverage,0.254000008106232,3,0.229000091552734,26.867000579834,AMD Radeon(TM) Graphics,27.5149993896484,integrated_gpu,AMD,8.50100135803223,23.8250005245209,FAST_MARSCHNER,bc073883f0825c97af93c4a4e36fa1e2-driver-8388939,2073600,4,1920x1080,4
1.3.302,coverage,0.263999998569489,3,0.91400146484375,36.4249992370605,AMD Radeon(TM) Graphics,37.9000015258789,integrated_gpu,AMD,18.0590000152588,33.3829991817474,CINEMATIC_MARSCHNER,bc073883f0825c97af93c4a4e36fa1e2-driver-8388939,2073600,4,1920x1080,4
1.3.302,coverage,0.254000008106232,3,0.364997863769531,33.2330017089844,AMD Radeon(TM) Graphics,34.068000793457,integrated_gpu,AMD,14.8670024871826,30.1910016536713,REFERENCE_MARSCHNER,bc073883f0825c97af93c4a4e36fa1e2-driver-8388939,2073600,4,1920x1080,4
1.3.302,coverage,0.224999994039536,7,0.060999870300293,3.74200010299683,AMD Radeon(TM) Graphics,3.93300008773804,integrated_gpu,AMD,,,NO_HAIR,bc073883f0825c97af93c4a4e36fa1e2-driver-8388939,2073600,0,1920x1080,8
1.3.302,coverage,0.233999997377396,7,0.139999389648438,18.3120002746582,AMD Radeon(TM) Graphics,18.8549995422363,integrated_gpu,AMD,,14.5700001716614,CARD_CONTROL,bc073883f0825c97af93c4a4e36fa1e2-driver-8388939,2073600,0,1920x1080,8
1.3.302,coverage,0.234999999403954,7,0.104999542236328,21.5659999847412,AMD Radeon(TM) Graphics,21.9309997558594,integrated_gpu,AMD,3.25399971008301,17.8239998817444,ALU_PROBE_96,bc073883f0825c97af93c4a4e36fa1e2-driver-8388939,2073600,0,1920x1080,8
1.3.302,coverage,0.241999998688698,7,0.377002716064453,34.2809982299805,AMD Radeon(TM) Graphics,35.6080017089844,integrated_gpu,AMD,15.9689979553223,30.5389981269836,LUT_PROBE_16,bc073883f0825c97af93c4a4e36fa1e2-driver-8388939,2073600,0,1920x1080,8
1.3.302,coverage,0.239999994635582,7,0.118000030517578,25.3129997253418,AMD Radeon(TM) Graphics,25.7180004119873,integrated_gpu,AMD,7.00099945068359,21.570999622345,APPROX_KAJIYA_KAY,bc073883f0825c97af93c4a4e36fa1e2-driver-8388939,2073600,0,1920x1080,8
1.3.302,coverage,0.248999997973442,7,0.670001983642578,33.7890014648438,AMD Radeon(TM) Graphics,35.0929985046387,integrated_gpu,AMD,15.4770011901855,30.0470013618469,FAST_MARSCHNER,bc073883f0825c97af93c4a4e36fa1e2-driver-8388939,2073600,0,1920x1080,8
1.3.302,coverage,0.243000000715256,7,2.91399765014648,49.6020011901855,AMD Radeon(TM) Graphics,55.3450012207031,integrated_gpu,AMD,31.2900009155273,45.8600010871887,CINEMATIC_MARSCHNER,bc073883f0825c97af93c4a4e36fa1e2-driver-8388939,2073600,0,1920x1080,8
1.3.302,coverage,0.234999999403954,7,0.214000701904297,41.5690002441406,AMD Radeon(TM) Graphics,42.0029983520508,integrated_gpu,AMD,23.2569999694824,37.8270001411438,REFERENCE_MARSCHNER,bc073883f0825c97af93c4a4e36fa1e2-driver-8388939,2073600,0,1920x1080,8
1.3.302,coverage,0.314000010490417,7,0.0610001087188721,3.77999997138977,AMD Radeon(TM) Graphics,3.99300003051758,integrated_gpu,AMD,,,NO_HAIR,bc073883f0825c97af93c4a4e36fa1e2-driver-8388939,2073600,1,1920x1080,8
1.3.302,coverage,0.252000004053116,7,0.177000045776367,18.7259998321533,AMD Radeon(TM) Graphics,19.3190002441406,integrated_gpu,AMD,,14.9459998607636,CARD_CONTROL,bc073883f0825c97af93c4a4e36fa1e2-driver-8388939,2073600,1,1920x1080,8
1.3.302,coverage,0.250999987125397,7,0.154998779296875,21.8050003051758,AMD Radeon(TM) Graphics,22.2110004425049,integrated_gpu,AMD,3.07900047302246,18.025000333786,ALU_PROBE_96,bc073883f0825c97af93c4a4e36fa1e2-driver-8388939,2073600,1,1920x1080,8
1.3.302,coverage,0.254999995231628,7,0.492000579833984,35.1609992980957,AMD Radeon(TM) Graphics,36.9739990234375,integrated_gpu,AMD,16.4349994659424,31.3809993267059,LUT_PROBE_16,bc073883f0825c97af93c4a4e36fa1e2-driver-8388939,2073600,1,1920x1080,8
1.3.302,coverage,0.298000007867813,7,3.36199951171875,52.5419998168945,AMD Radeon(TM) Graphics,58.7630004882813,integrated_gpu,AMD,33.8159999847412,48.7619998455048,CINEMATIC_MARSCHNER,bc073883f0825c97af93c4a4e36fa1e2-driver-8388939,2073600,1,1920x1080,8
1.3.302,coverage,0.358000010251999,7,1.62899780273438,35.6829986572266,AMD Radeon(TM) Graphics,40.9329986572266,integrated_gpu,AMD,16.9569988250732,31.9029986858368,FAST_MARSCHNER,bc073883f0825c97af93c4a4e36fa1e2-driver-8388939,2073600,1,1920x1080,8
1.3.302,coverage,0.273999989032745,7,0.128999710083008,26.2189998626709,AMD Radeon(TM) Graphics,26.5550003051758,integrated_gpu,AMD,7.49300003051758,22.4389998912811,APPROX_KAJIYA_KAY,bc073883f0825c97af93c4a4e36fa1e2-driver-8388939,2073600,1,1920x1080,8
1.3.302,coverage,0.312999993562698,7,0.347999572753906,42.4480018615723,AMD Radeon(TM) Graphics,42.9249992370605,integrated_gpu,AMD,23.7220020294189,38.6680018901825,REFERENCE_MARSCHNER,bc073883f0825c97af93c4a4e36fa1e2-driver-8388939,2073600,1,1920x1080,8
1.3.302,coverage,0.136000007390976,7,0.0590000152587891,3.84899997711182,AMD Radeon(TM) Graphics,4.18699979782104,integrated_gpu,AMD,,,NO_HAIR,bc073883f0825c97af93c4a4e36fa1e2-driver-8388939,2073600,2,1920x1080,8
1.3.302,coverage,0.237000003457069,7,0.13800048828125,19.3969993591309,AMD Radeon(TM) Graphics,19.8470001220703,integrated_gpu,AMD,,15.547999382019,CARD_CONTROL,bc073883f0825c97af93c4a4e36fa1e2-driver-8388939,2073600,2,1920x1080,8
1.3.302,coverage,0.284000009298325,7,0.142000198364258,22.5030002593994,AMD Radeon(TM) Graphics,22.9370002746582,integrated_gpu,AMD,3.10600090026855,18.6540002822876,ALU_PROBE_96,bc073883f0825c97af93c4a4e36fa1e2-driver-8388939,2073600,2,1920x1080,8
1.3.302,coverage,0.30799999833107,7,0.261001586914063,37.7330017089844,AMD Radeon(TM) Graphics,38.7249984741211,integrated_gpu,AMD,18.3360023498535,33.8840017318726,LUT_PROBE_16,bc073883f0825c97af93c4a4e36fa1e2-driver-8388939,2073600,2,1920x1080,8
1.3.302,coverage,0.333999991416931,7,1.79800033569336,50.1430015563965,AMD Radeon(TM) Graphics,56.5400009155273,integrated_gpu,AMD,30.7460021972656,46.2940015792847,CINEMATIC_MARSCHNER,bc073883f0825c97af93c4a4e36fa1e2-driver-8388939,2073600,2,1920x1080,8
1.3.302,coverage,0.308999985456467,7,0.3489990234375,42.4630012512207,AMD Radeon(TM) Graphics,42.9220008850098,integrated_gpu,AMD,23.0660018920898,38.6140012741089,REFERENCE_MARSCHNER,bc073883f0825c97af93c4a4e36fa1e2-driver-8388939,2073600,2,1920x1080,8
1.3.302,coverage,0.293000012636185,7,0.128000259399414,26.3719997406006,AMD Radeon(TM) Graphics,26.701000213623,integrated_gpu,AMD,6.97500038146973,22.5229997634888,APPROX_KAJIYA_KAY,bc073883f0825c97af93c4a4e36fa1e2-driver-8388939,2073600,2,1920x1080,8
1.3.302,coverage,0.319000005722046,7,0.499000549316406,34.7910003662109,AMD Radeon(TM) Graphics,35.4830017089844,integrated_gpu,AMD,15.3940010070801,30.9420003890991,FAST_MARSCHNER,bc073883f0825c97af93c4a4e36fa1e2-driver-8388939,2073600,2,1920x1080,8
1.3.302,coverage,0.425999999046326,7,0.0619997978210449,3.88700008392334,AMD Radeon(TM) Graphics,4.10799980163574,integrated_gpu,AMD,,,NO_HAIR,bc073883f0825c97af93c4a4e36fa1e2-driver-8388939,2073600,3,1920x1080,8
1.3.302,coverage,0.368999987840652,7,0.121999740600586,19.4689998626709,AMD Radeon(TM) Graphics,19.8229999542236,integrated_gpu,AMD,,15.5819997787476,CARD_CONTROL,bc073883f0825c97af93c4a4e36fa1e2-driver-8388939,2073600,3,1920x1080,8
1.3.302,coverage,0.367000013589859,7,0.0909996032714844,22.3999996185303,AMD Radeon(TM) Graphics,22.7229995727539,integrated_gpu,AMD,2.93099975585938,18.5129995346069,ALU_PROBE_96,bc073883f0825c97af93c4a4e36fa1e2-driver-8388939,2073600,3,1920x1080,8
1.3.302,coverage,0.367000013589859,7,0.256999969482422,37.8269996643066,AMD Radeon(TM) Graphics,38.5670013427734,integrated_gpu,AMD,18.3579998016357,33.9399995803833,LUT_PROBE_16,bc073883f0825c97af93c4a4e36fa1e2-driver-8388939,2073600,3,1920x1080,8
1.3.302,coverage,0.370999991893768,7,0.121000289916992,26.3110008239746,AMD Radeon(TM) Graphics,26.7000007629395,integrated_gpu,AMD,6.84200096130371,22.4240007400513,APPROX_KAJIYA_KAY,bc073883f0825c97af93c4a4e36fa1e2-driver-8388939,2073600,3,1920x1080,8
1.3.302,coverage,0.365000009536743,7,0.696998596191406,41.9780006408691,AMD Radeon(TM) Graphics,42.8650016784668,integrated_gpu,AMD,22.5090007781982,38.0910005569458,REFERENCE_MARSCHNER,bc073883f0825c97af93c4a4e36fa1e2-driver-8388939,2073600,3,1920x1080,8
1.3.302,coverage,0.367000013589859,7,2.70000076293945,50.1040000915527,AMD Radeon(TM) Graphics,56.5359992980957,integrated_gpu,AMD,30.6350002288818,46.2170000076294,CINEMATIC_MARSCHNER,bc073883f0825c97af93c4a4e36fa1e2-driver-8388939,2073600,3,1920x1080,8
1.3.302,coverage,0.35699999332428,7,0.553997039794922,34.5719985961914,AMD Radeon(TM) Graphics,35.3930015563965,integrated_gpu,AMD,15.1029987335205,30.6849985122681,FAST_MARSCHNER,bc073883f0825c97af93c4a4e36fa1e2-driver-8388939,2073600,3,1920x1080,8
1.3.302,coverage,0.337999999523163,7,0.11299991607666,3.95499992370605,AMD Radeon(TM) Graphics,4.43599987030029,integrated_gpu,AMD,,,NO_HAIR,bc073883f0825c97af93c4a4e36fa1e2-driver-8388939,2073600,4,1920x1080,8
1.3.302,coverage,0.34799998998642,7,0.638999938964844,19.7479991912842,AMD Radeon(TM) Graphics,26.1709995269775,integrated_gpu,AMD,,15.7929992675781,CARD_CONTROL,bc073883f0825c97af93c4a4e36fa1e2-driver-8388939,2073600,4,1920x1080,8
1.3.302,coverage,0.368999987840652,7,0.791999816894531,23.0699996948242,AMD Radeon(TM) Graphics,28.007999420166,integrated_gpu,AMD,3.32200050354004,19.1149997711182,ALU_PROBE_96,bc073883f0825c97af93c4a4e36fa1e2-driver-8388939,2073600,4,1920x1080,8
1.3.302,coverage,0.284000009298325,7,0.327999114990234,36.2700004577637,AMD Radeon(TM) Graphics,37.4560012817383,integrated_gpu,AMD,16.5220012664795,32.3150005340576,LUT_PROBE_16,bc073883f0825c97af93c4a4e36fa1e2-driver-8388939,2073600,4,1920x1080,8
1.3.302,coverage,0.291000008583069,7,0.226999282836914,26.3640003204346,AMD Radeon(TM) Graphics,27.0470008850098,integrated_gpu,AMD,6.61600112915039,22.4090003967285,APPROX_KAJIYA_KAY,bc073883f0825c97af93c4a4e36fa1e2-driver-8388939,2073600,4,1920x1080,8
1.3.302,coverage,0.342000007629395,7,0.716999053955078,34.7560005187988,AMD Radeon(TM) Graphics,36.2779998779297,integrated_gpu,AMD,15.0080013275146,30.8010005950928,FAST_MARSCHNER,bc073883f0825c97af93c4a4e36fa1e2-driver-8388939,2073600,4,1920x1080,8
1.3.302,coverage,0.277999997138977,7,3.07400131225586,49.8889999389648,AMD Radeon(TM) Graphics,55.9990005493164,integrated_gpu,AMD,30.1410007476807,45.9340000152588,CINEMATIC_MARSCHNER,bc073883f0825c97af93c4a4e36fa1e2-driver-8388939,2073600,4,1920x1080,8
1.3.302,coverage,0.257999986410141,7,0.811000823974609,41.0429992675781,AMD Radeon(TM) Graphics,42.3050003051758,integrated_gpu,AMD,21.2950000762939,37.0879993438721,REFERENCE_MARSCHNER,bc073883f0825c97af93c4a4e36fa1e2-driver-8388939,2073600,4,1920x1080,8
1.3.302,cards,0.41499999165535,0,0.163000106811523,4.23699998855591,AMD Radeon(TM) Graphics,5.12799978256226,integrated_gpu,AMD,,,NO_HAIR,bc073883f0825c97af93c4a4e36fa1e2-driver-8388939,3686400,0,2560x1440,1
1.3.302,cards,0.300999999046326,0,0.14900016784668,15.875,AMD Radeon(TM) Graphics,16.8889999389648,integrated_gpu,AMD,,11.6380000114441,CARD_CONTROL,bc073883f0825c97af93c4a4e36fa1e2-driver-8388939,3686400,0,2560x1440,1
1.3.302,cards,0.287000000476837,0,0.126998901367188,19.2800006866455,AMD Radeon(TM) Graphics,19.6730003356934,integrated_gpu,AMD,3.40500068664551,15.0430006980896,ALU_PROBE_96,bc073883f0825c97af93c4a4e36fa1e2-driver-8388939,3686400,0,2560x1440,1
1.3.302,cards,0.33500000834465,0,0.559000015258789,27.4160003662109,AMD Radeon(TM) Graphics,30.0450000762939,integrated_gpu,AMD,11.5410003662109,23.179000377655,LUT_PROBE_16,bc073883f0825c97af93c4a4e36fa1e2-driver-8388939,3686400,0,2560x1440,1
1.3.302,cards,0.328000009059906,0,0.13800048828125,18.8229999542236,AMD Radeon(TM) Graphics,19.3490009307861,integrated_gpu,AMD,2.94799995422363,14.5859999656677,APPROX_KAJIYA_KAY,bc073883f0825c97af93c4a4e36fa1e2-driver-8388939,3686400,0,2560x1440,1
1.3.302,cards,0.330000013113022,0,0.392000198364258,20.7210006713867,AMD Radeon(TM) Graphics,22.6270008087158,integrated_gpu,AMD,4.84600067138672,16.4840006828308,FAST_MARSCHNER,bc073883f0825c97af93c4a4e36fa1e2-driver-8388939,3686400,0,2560x1440,1
1.3.302,cards,0.331000000238419,0,0.251001358032227,22.8430004119873,AMD Radeon(TM) Graphics,24.011999130249,integrated_gpu,AMD,6.9680004119873,18.6060004234314,CINEMATIC_MARSCHNER,bc073883f0825c97af93c4a4e36fa1e2-driver-8388939,3686400,0,2560x1440,1
1.3.302,cards,0.317999988794327,0,0.131000518798828,20.9389991760254,AMD Radeon(TM) Graphics,21.30299949646,integrated_gpu,AMD,5.06399917602539,16.7019991874695,REFERENCE_MARSCHNER,bc073883f0825c97af93c4a4e36fa1e2-driver-8388939,3686400,0,2560x1440,1
1.3.302,cards,0.370000004768372,0,0.12000036239624,4.24700021743774,AMD Radeon(TM) Graphics,4.55000019073486,integrated_gpu,AMD,,,NO_HAIR,bc073883f0825c97af93c4a4e36fa1e2-driver-8388939,3686400,1,2560x1440,1
1.3.302,cards,0.301999986171722,0,0.152000427246094,16.5830001831055,AMD Radeon(TM) Graphics,17.0179996490479,integrated_gpu,AMD,,12.3359999656677,CARD_CONTROL,bc073883f0825c97af93c4a4e36fa1e2-driver-8388939,3686400,1,2560x1440,1
1.3.302,cards,0.317999988794327,0,0.131999969482422,19.8549995422363,AMD Radeon(TM) Graphics,20.4179992675781,integrated_gpu,AMD,3.27199935913086,15.6079993247986,ALU_PROBE_96,bc073883f0825c97af93c4a4e36fa1e2-driver-8388939,3686400,1,2560x1440,1
1.3.302,cards,0.321000009775162,0,0.559999465942383,27.4409999847412,AMD Radeon(TM) Graphics,29.4629993438721,integrated_gpu,AMD,10.8579998016357,23.1939997673035,LUT_PROBE_16,bc073883f0825c97af93c4a4e36fa1e2-driver-8388939,3686400,1,2560x1440,1
1.3.302,cards,0.324999988079071,0,0.232999801635742,22.5620002746582,AMD Radeon(TM) Graphics,24.0359992980957,integrated_gpu,AMD,5.97900009155273,18.3150000572205,CINEMATIC_MARSCHNER,bc073883f0825c97af93c4a4e36fa1e2-driver-8388939,3686400,1,2560x1440,1
1.3.302,cards,0.326999992132187,0,0.277999877929688,20.5270004272461,AMD Radeon(TM) Graphics,21.6770000457764,integrated_gpu,AMD,3.94400024414063,16.2800002098084,FAST_MARSCHNER,bc073883f0825c97af93c4a4e36fa1e2-driver-8388939,3686400,1,2560x1440,1
1.3.302,cards,0.321999996900558,0,0.156999588012695,18.9080009460449,AMD Radeon(TM) Graphics,19.3549995422363,integrated_gpu,AMD,2.32500076293945,14.6610007286072,APPROX_KAJIYA_KAY,bc073883f0825c97af93c4a4e36fa1e2-driver-8388939,3686400,1,2560x1440,1
1.3.302,cards,0.337999999523163,0,0.193000793457031,21.0,AMD Radeon(TM) Graphics,21.9740009307861,integrated_gpu,AMD,4.41699981689453,16.7529997825623,REFERENCE_MARSCHNER,bc073883f0825c97af93c4a4e36fa1e2-driver-8388939,3686400,1,2560x1440,1
1.3.302,cards,0.344999998807907,0,0.144000053405762,4.32100009918213,AMD Radeon(TM) Graphics,4.73199987411499,integrated_gpu,AMD,,,NO_HAIR,bc073883f0825c97af93c4a4e36fa1e2-driver-8388939,3686400,2,2560x1440,1
1.3.302,cards,0.282000005245209,0,0.309000015258789,16.8099994659424,AMD Radeon(TM) Graphics,17.7000007629395,integrated_gpu,AMD,,12.4889993667603,CARD_CONTROL,bc073883f0825c97af93c4a4e36fa1e2-driver-8388939,3686400,2,2560x1440,1
1.3.302,cards,0.32600000500679,0,0.128000259399414,19.6919994354248,AMD Radeon(TM) Graphics,20.3490009307861,integrated_gpu,AMD,2.88199996948242,15.3709993362427,ALU_PROBE_96,bc073883f0825c97af93c4a4e36fa1e2-driver-8388939,3686400,2,2560x1440,1
1.3.302,cards,0.31700000166893,0,0.279998779296875,26.496000289917,AMD Radeon(TM) Graphics,27.5849990844727,integrated_gpu,AMD,9.68600082397461,22.1750001907349,LUT_PROBE_16,bc073883f0825c97af93c4a4e36fa1e2-driver-8388939,3686400,2,2560x1440,1
1.3.302,cards,0.330000013113022,0,0.229000091552734,22.42799949646,AMD Radeon(TM) Graphics,23.5930004119873,integrated_gpu,AMD,5.61800003051758,18.1069993972778,CINEMATIC_MARSCHNER,bc073883f0825c97af93c4a4e36fa1e2-driver-8388939,3686400,2,2560x1440,1
1.3.302,cards,0.345999985933304,0,0.370000839233398,21.125,AMD Radeon(TM) Graphics,22.6809997558594,integrated_gpu,AMD,4.31500053405762,16.8039999008179,REFERENCE_MARSCHNER,bc073883f0825c97af93c4a4e36fa1e2-driver-8388939,3686400,2,2560x1440,1
1.3.302,cards,0.34400001168251,0,0.228000640869141,18.6849994659424,AMD Radeon(TM) Graphics,19.3990001678467,integrated_gpu,AMD,1.875,14.3639993667603,APPROX_KAJIYA_KAY,bc073883f0825c97af93c4a4e36fa1e2-driver-8388939,3686400,2,2560x1440,1
1.3.302,cards,0.324999988079071,0,0.124000549316406,19.9909992218018,AMD Radeon(TM) Graphics,20.3460006713867,integrated_gpu,AMD,3.18099975585938,15.6699991226196,FAST_MARSCHNER,bc073883f0825c97af93c4a4e36fa1e2-driver-8388939,3686400,2,2560x1440,1
1.3.302,cards,0.335999995470047,0,0.0930004119873047,4.21400022506714,AMD Radeon(TM) Graphics,4.50799989700317,integrated_gpu,AMD,,,NO_HAIR,bc073883f0825c97af93c4a4e36fa1e2-driver-8388939,3686400,3,2560x1440,1
1.3.302,cards,0.310000002384186,0,0.104999542236328,16.4039993286133,AMD Radeon(TM) Graphics,16.7630004882813,integrated_gpu,AMD,,12.1899991035461,CARD_CONTROL,bc073883f0825c97af93c4a4e36fa1e2-driver-8388939,3686400,3,2560x1440,1
1.3.302,cards,0.324000000953674,0,0.266000747680664,19.8080005645752,AMD Radeon(TM) Graphics,21.0799999237061,integrated_gpu,AMD,3.40400123596191,15.5940003395081,ALU_PROBE_96,bc073883f0825c97af93c4a4e36fa1e2-driver-8388939,3686400,3,2560x1440,1
1.3.302,cards,0.342999994754791,0,1.09599876403809,27.7889995574951,AMD Radeon(TM) Graphics,37.1980018615723,integrated_gpu,AMD,11.3850002288818,23.574999332428,LUT_PROBE_16,bc073883f0825c97af93c4a4e36fa1e2-driver-8388939,3686400,3,2560x1440,1
1.3.302,cards,0.324000000953674,0,0.138999938964844,18.7970008850098,AMD Radeon(TM) Graphics,21.8139991760254,integrated_gpu,AMD,2.39300155639648,14.5830006599426,APPROX_KAJIYA_KAY,bc073883f0825c97af93c4a4e36fa1e2-driver-8388939,3686400,3,2560x1440,1
1.3.302,cards,0.331000000238419,0,0.14900016784668,20.9260005950928,AMD Radeon(TM) Graphics,21.5559997558594,integrated_gpu,AMD,4.52200126647949,16.7120003700256,REFERENCE_MARSCHNER,bc073883f0825c97af93c4a4e36fa1e2-driver-8388939,3686400,3,2560x1440,1
1.3.302,cards,0.312999993562698,0,0.309999465942383,22.2080001831055,AMD Radeon(TM) Graphics,23.5520000457764,integrated_gpu,AMD,5.80400085449219,17.9939999580383,CINEMATIC_MARSCHNER,bc073883f0825c97af93c4a4e36fa1e2-driver-8388939,3686400,3,2560x1440,1
1.3.302,cards,0.308999985456467,0,0.330999374389648,20.1280002593994,AMD Radeon(TM) Graphics,21.6019992828369,integrated_gpu,AMD,3.72400093078613,15.9140000343323,FAST_MARSCHNER,bc073883f0825c97af93c4a4e36fa1e2-driver-8388939,3686400,3,2560x1440,1
1.3.302,cards,0.333000004291534,0,0.111000061035156,4.15999984741211,AMD Radeon(TM) Graphics,4.52299976348877,integrated_gpu,AMD,,,NO_HAIR,bc073883f0825c97af93c4a4e36fa1e2-driver-8388939,3686400,4,2560x1440,1
1.3.302,cards,0.291999995708466,0,0.149999618530273,15.8219995498657,AMD Radeon(TM) Graphics,16.6270008087158,integrated_gpu,AMD,,11.6619997024536,CARD_CONTROL,bc073883f0825c97af93c4a4e36fa1e2-driver-8388939,3686400,4,2560x1440,1
1.3.302,cards,0.307000011205673,0,0.0920009613037109,19.0970001220703,AMD Radeon(TM) Graphics,19.3950004577637,integrated_gpu,AMD,3.27500057220459,14.9370002746582,ALU_PROBE_96,bc073883f0825c97af93c4a4e36fa1e2-driver-8388939,3686400,4,2560x1440,1
1.3.302,cards,0.301999986171722,0,0.155998229980469,25.0919990539551,AMD Radeon(TM) Graphics,25.7280006408691,integrated_gpu,AMD,9.26999950408936,20.931999206543,LUT_PROBE_16,bc073883f0825c97af93c4a4e36fa1e2-driver-8388939,3686400,4,2560x1440,1
1.3.302,cards,0.291999995708466,0,0.203001022338867,18.132999420166,AMD Radeon(TM) Graphics,19.1089992523193,integrated_gpu,AMD,2.31099987030029,13.9729995727539,APPROX_KAJIYA_KAY,bc073883f0825c97af93c4a4e36fa1e2-driver-8388939,3686400,4,2560x1440,1
1.3.302,cards,0.298000007867813,0,0.124000549316406,19.3339996337891,AMD Radeon(TM) Graphics,19.8470001220703,integrated_gpu,AMD,3.51200008392334,15.173999786377,FAST_MARSCHNER,bc073883f0825c97af93c4a4e36fa1e2-driver-8388939,3686400,4,2560x1440,1
1.3.302,cards,0.291000008583069,0,0.10999870300293,21.4839992523193,AMD Radeon(TM) Graphics,21.8910007476807,integrated_gpu,AMD,5.66199970245361,17.3239994049072,CINEMATIC_MARSCHNER,bc073883f0825c97af93c4a4e36fa1e2-driver-8388939,3686400,4,2560x1440,1
1.3.302,cards,0.310000002384186,0,0.123001098632813,19.882999420166,AMD Radeon(TM) Graphics,20.673999786377,integrated_gpu,AMD,4.06099987030029,15.7229995727539,REFERENCE_MARSCHNER,bc073883f0825c97af93c4a4e36fa1e2-driver-8388939,3686400,4,2560x1440,1
1.3.302,cards,0.266000002622604,3,0.110999584197998,5.10900020599365,AMD Radeon(TM) Graphics,5.65299987792969,integrated_gpu,AMD,,,NO_HAIR,bc073883f0825c97af93c4a4e36fa1e2-driver-8388939,3686400,0,2560x1440,4
1.3.302,cards,0.294999986886978,3,0.137001037597656,16.068000793457,AMD Radeon(TM) Graphics,16.6310005187988,integrated_gpu,AMD,,10.9590005874634,CARD_CONTROL,bc073883f0825c97af93c4a4e36fa1e2-driver-8388939,3686400,0,2560x1440,4
1.3.302,cards,0.296999990940094,3,0.125,19.5060005187988,AMD Radeon(TM) Graphics,19.9440002441406,integrated_gpu,AMD,3.4379997253418,14.3970003128052,ALU_PROBE_96,bc073883f0825c97af93c4a4e36fa1e2-driver-8388939,3686400,0,2560x1440,4
1.3.302,cards,0.300000011920929,3,0.236000061035156,25.2800006866455,AMD Radeon(TM) Graphics,25.9009990692139,integrated_gpu,AMD,9.21199989318848,20.1710004806519,LUT_PROBE_16,bc073883f0825c97af93c4a4e36fa1e2-driver-8388939,3686400,0,2560x1440,4
1.3.302,cards,0.296999990940094,3,0.163000106811523,20.5279998779297,AMD Radeon(TM) Graphics,21.1259994506836,integrated_gpu,AMD,4.45999908447266,15.418999671936,APPROX_KAJIYA_KAY,bc073883f0825c97af93c4a4e36fa1e2-driver-8388939,3686400,0,2560x1440,4
1.3.302,cards,0.284000009298325,3,0.0989990234375,24.742000579834,AMD Radeon(TM) Graphics,25.0690002441406,integrated_gpu,AMD,8.67399978637695,19.6330003738403,FAST_MARSCHNER,bc073883f0825c97af93c4a4e36fa1e2-driver-8388939,3686400,0,2560x1440,4
1.3.302,cards,0.28999999165535,3,0.158000946044922,33.3129997253418,AMD Radeon(TM) Graphics,33.7809982299805,integrated_gpu,AMD,17.2449989318848,28.2039995193481,CINEMATIC_MARSCHNER,bc073883f0825c97af93c4a4e36fa1e2-driver-8388939,3686400,0,2560x1440,4
1.3.302,cards,0.30799999833107,3,0.102001190185547,25.8460006713867,AMD Radeon(TM) Graphics,26.1089992523193,integrated_gpu,AMD,9.77799987792969,20.7370004653931,REFERENCE_MARSCHNER,bc073883f0825c97af93c4a4e36fa1e2-driver-8388939,3686400,0,2560x1440,4
1.3.302,cards,0.193000003695488,3,0.0970001220703125,4.91499996185303,AMD Radeon(TM) Graphics,5.3730001449585,integrated_gpu,AMD,,,NO_HAIR,bc073883f0825c97af93c4a4e36fa1e2-driver-8388939,3686400,1,2560x1440,4
1.3.302,cards,0.28999999165535,3,0.11400032043457,15.8760004043579,AMD Radeon(TM) Graphics,16.3729991912842,integrated_gpu,AMD,,10.9610004425049,CARD_CONTROL,bc073883f0825c97af93c4a4e36fa1e2-driver-8388939,3686400,1,2560x1440,4
1.3.302,cards,0.300000011920929,3,0.145000457763672,19.3099994659424,AMD Radeon(TM) Graphics,19.7709999084473,integrated_gpu,AMD,3.43399906158447,14.3949995040894,ALU_PROBE_96,bc073883f0825c97af93c4a4e36fa1e2-driver-8388939,3686400,1,2560x1440,4
1.3.302,cards,0.296000003814697,3,0.153999328613281,24.7600002288818,AMD Radeon(TM) Graphics,25.4820003509521,integrated_gpu,AMD,8.88399982452393,19.8450002670288,LUT_PROBE_16,bc073883f0825c97af93c4a4e36fa1e2-driver-8388939,3686400,1,2560x1440,4
1.3.302,cards,0.301999986171722,3,0.156002044677734,33.2459983825684,AMD Radeon(TM) Graphics,33.6910018920898,integrated_gpu,AMD,17.3699979782104,28.3309984207153,CINEMATIC_MARSCHNER,bc073883f0825c97af93c4a4e36fa1e2-driver-8388939,3686400,1,2560x1440,4
1.3.302,cards,0.303000003099442,3,0.118999481201172,24.6609992980957,AMD Radeon(TM) Graphics,25.0860004425049,integrated_gpu,AMD,8.78499889373779,19.7459993362427,FAST_MARSCHNER,bc073883f0825c97af93c4a4e36fa1e2-driver-8388939,3686400,1,2560x1440,4
1.3.302,cards,0.296999990940094,3,0.10099983215332,20.2929992675781,AMD Radeon(TM) Graphics,20.5909996032715,integrated_gpu,AMD,4.41699886322021,15.3779993057251,APPROX_KAJIYA_KAY,bc073883f0825c97af93c4a4e36fa1e2-driver-8388939,3686400,1,2560x1440,4
1.3.302,cards,0.310000002384186,3,0.10099983215332,25.9409999847412,AMD Radeon(TM) Graphics,26.2880001068115,integrated_gpu,AMD,10.0649995803833,21.0260000228882,REFERENCE_MARSCHNER,bc073883f0825c97af93c4a4e36fa1e2-driver-8388939,3686400,1,2560x1440,4
1.3.302,cards,0.179000005125999,3,0.0749998092651367,4.88899993896484,AMD Radeon(TM) Graphics,5.34600019454956,integrated_gpu,AMD,,,NO_HAIR,bc073883f0825c97af93c4a4e36fa1e2-driver-8388939,3686400,2,2560x1440,4
1.3.302,cards,0.280000001192093,3,0.105999946594238,15.8559999465942,AMD Radeon(TM) Graphics,16.19700050354,integrated_gpu,AMD,,10.9670000076294,CARD_CONTROL,bc073883f0825c97af93c4a4e36fa1e2-driver-8388939,3686400,2,2560x1440,4
1.3.302,cards,0.293000012636185,3,0.130001068115234,19.2980003356934,AMD Radeon(TM) Graphics,19.9069995880127,integrated_gpu,AMD,3.44200038909912,14.4090003967285,ALU_PROBE_96,bc073883f0825c97af93c4a4e36fa1e2-driver-8388939,3686400,2,2560x1440,4
1.3.302,cards,0.291000008583069,3,0.13800048828125,24.6949996948242,AMD Radeon(TM) Graphics,25.1830005645752,integrated_gpu,AMD,8.83899974822998,19.8059997558594,LUT_PROBE_16,bc073883f0825c97af93c4a4e36fa1e2-driver-8388939,3686400,2,2560x1440,4
1.3.302,cards,0.298000007867813,3,0.149002075195313,33.2050018310547,AMD Radeon(TM) Graphics,33.6160011291504,integrated_gpu,AMD,17.3490018844604,28.3160018920898,CINEMATIC_MARSCHNER,bc073883f0825c97af93c4a4e36fa1e2-driver-8388939,3686400,2,2560x1440,4
1.3.302,cards,0.305999994277954,3,0.130998611450195,25.9050006866455,AMD Radeon(TM) Graphics,26.2439994812012,integrated_gpu,AMD,10.0490007400513,21.0160007476807,REFERENCE_MARSCHNER,bc073883f0825c97af93c4a4e36fa1e2-driver-8388939,3686400,2,2560x1440,4
1.3.302,cards,0.287000000476837,3,0.110000610351563,20.2900009155273,AMD Radeon(TM) Graphics,20.621000289917,integrated_gpu,AMD,4.43400096893311,15.4010009765625,APPROX_KAJIYA_KAY,bc073883f0825c97af93c4a4e36fa1e2-driver-8388939,3686400,2,2560x1440,4
1.3.302,cards,0.291000008583069,3,0.118000030517578,24.6140003204346,AMD Radeon(TM) Graphics,25.2660007476807,integrated_gpu,AMD,8.75800037384033,19.7250003814697,FAST_MARSCHNER,bc073883f0825c97af93c4a4e36fa1e2-driver-8388939,3686400,2,2560x1440,4
1.3.302,cards,0.180000007152557,3,0.0809998512268066,4.89599990844727,AMD Radeon(TM) Graphics,5.32999992370605,integrated_gpu,AMD,,,NO_HAIR,bc073883f0825c97af93c4a4e36fa1e2-driver-8388939,3686400,3,2560x1440,4
1.3.302,cards,0.287999987602234,3,0.103000640869141,15.9160003662109,AMD Radeon(TM) Graphics,16.2369995117188,integrated_gpu,AMD,,11.0200004577637,CARD_CONTROL,bc073883f0825c97af93c4a4e36fa1e2-driver-8388939,3686400,3,2560x1440,4
1.3.302,cards,0.282000005245209,3,0.166000366210938,19.3920001983643,AMD Radeon(TM) Graphics,20.1940002441406,integrated_gpu,AMD,3.47599983215332,14.496000289917,ALU_PROBE_96,bc073883f0825c97af93c4a4e36fa1e2-driver-8388939,3686400,3,2560x1440,4
1.3.302,cards,0.28999999165535,3,0.196998596191406,24.9009990692139,AMD Radeon(TM) Graphics,25.5139999389648,integrated_gpu,AMD,8.98499870300293,20.0049991607666,LUT_PROBE_16,bc073883f0825c97af93c4a4e36fa1e2-driver-8388939,3686400,3,2560x1440,4
1.3.302,cards,0.293999999761581,3,0.152000427246094,20.4270000457764,AMD Radeon(TM) Graphics,21.6669998168945,integrated_gpu,AMD,4.51099967956543,15.5310001373291,APPROX_KAJIYA_KAY,bc073883f0825c97af93c4a4e36fa1e2-driver-8388939,3686400,3,2560x1440,4
1.3.302,cards,0.29899999499321,3,0.119998931884766,26.0189990997314,AMD Radeon(TM) Graphics,26.2970008850098,integrated_gpu,AMD,10.1029987335205,21.1229991912842,REFERENCE_MARSCHNER,bc073883f0825c97af93c4a4e36fa1e2-driver-8388939,3686400,3,2560x1440,4
1.3.302,cards,0.282000005245209,3,0.192001342773438,33.3689994812012,AMD Radeon(TM) Graphics,33.8800010681152,integrated_gpu,AMD,17.4529991149902,28.4729995727539,CINEMATIC_MARSCHNER,bc073883f0825c97af93c4a4e36fa1e2-driver-8388939,3686400,3,2560x1440,4
1.3.302,cards,0.284000009298325,3,0.118000030517578,24.8099994659424,AMD Radeon(TM) Graphics,25.201000213623,integrated_gpu,AMD,8.89399909973145,19.9139995574951,FAST_MARSCHNER,bc073883f0825c97af93c4a4e36fa1e2-driver-8388939,3686400,3,2560x1440,4
1.3.302,cards,0.216999992728233,3,0.0869998931884766,4.91099977493286,AMD Radeon(TM) Graphics,5.31899976730347,integrated_gpu,AMD,,,NO_HAIR,bc073883f0825c97af93c4a4e36fa1e2-driver-8388939,3686400,4,2560x1440,4
1.3.302,cards,0.296999990940094,3,0.173999786376953,16.1979999542236,AMD Radeon(TM) Graphics,16.8560009002686,integrated_gpu,AMD,,11.2870001792908,CARD_CONTROL,bc073883f0825c97af93c4a4e36fa1e2-driver-8388939,3686400,4,2560x1440,4
1.3.302,cards,0.303999990224838,3,0.161001205444336,19.4599990844727,AMD Radeon(TM) Graphics,20.2019996643066,integrated_gpu,AMD,3.26199913024902,14.5489993095398,ALU_PROBE_96,bc073883f0825c97af93c4a4e36fa1e2-driver-8388939,3686400,4,2560x1440,4
1.3.302,cards,0.301999986171722,3,0.255001068115234,25.1650009155273,AMD Radeon(TM) Graphics,26.07200050354,integrated_gpu,AMD,8.96700096130371,20.2540011405945,LUT_PROBE_16,bc073883f0825c97af93c4a4e36fa1e2-driver-8388939,3686400,4,2560x1440,4
1.3.302,cards,0.293999999761581,3,0.137001037597656,20.5790004730225,AMD Radeon(TM) Graphics,21.0259990692139,integrated_gpu,AMD,4.38100051879883,15.6680006980896,APPROX_KAJIYA_KAY,bc073883f0825c97af93c4a4e36fa1e2-driver-8388939,3686400,4,2560x1440,4
1.3.302,cards,0.308999985456467,3,0.195001602172852,24.9740009307861,AMD Radeon(TM) Graphics,25.5319995880127,integrated_gpu,AMD,8.7760009765625,20.0630011558533,FAST_MARSCHNER,bc073883f0825c97af93c4a4e36fa1e2-driver-8388939,3686400,4,2560x1440,4
1.3.302,cards,0.305000007152557,3,0.150001525878906,33.4580001831055,AMD Radeon(TM) Graphics,33.992000579834,integrated_gpu,AMD,17.2600002288818,28.5470004081726,CINEMATIC_MARSCHNER,bc073883f0825c97af93c4a4e36fa1e2-driver-8388939,3686400,4,2560x1440,4
1.3.302,cards,0.314000010490417,3,0.142000198364258,26.1849994659424,AMD Radeon(TM) Graphics,26.5499992370605,integrated_gpu,AMD,9.98699951171875,21.2739996910095,REFERENCE_MARSCHNER,bc073883f0825c97af93c4a4e36fa1e2-driver-8388939,3686400,4,2560x1440,4
1.3.302,cards,0.293999999761581,7,0.128999710083008,6.23400020599365,AMD Radeon(TM) Graphics,6.89799976348877,integrated_gpu,AMD,,,NO_HAIR,bc073883f0825c97af93c4a4e36fa1e2-driver-8388939,3686400,0,2560x1440,8
1.3.302,cards,0.300000011920929,7,0.17500114440918,17.0340003967285,AMD Radeon(TM) Graphics,17.5470008850098,integrated_gpu,AMD,,10.8000001907349,CARD_CONTROL,bc073883f0825c97af93c4a4e36fa1e2-driver-8388939,3686400,0,2560x1440,8
1.3.302,cards,0.307000011205673,7,0.146999359130859,20.2290000915527,AMD Radeon(TM) Graphics,20.6359996795654,integrated_gpu,AMD,3.19499969482422,13.9949998855591,ALU_PROBE_96,bc073883f0825c97af93c4a4e36fa1e2-driver-8388939,3686400,0,2560x1440,8
1.3.302,cards,0.307000011205673,7,0.184000015258789,25.9890003204346,AMD Radeon(TM) Graphics,26.6399993896484,integrated_gpu,AMD,8.95499992370605,19.7550001144409,LUT_PROBE_16,bc073883f0825c97af93c4a4e36fa1e2-driver-8388939,3686400,0,2560x1440,8
1.3.302,cards,0.300000011920929,7,0.125,24.3530006408691,AMD Radeon(TM) Graphics,24.761999130249,integrated_gpu,AMD,7.31900024414063,18.1190004348755,APPROX_KAJIYA_KAY,bc073883f0825c97af93c4a4e36fa1e2-driver-8388939,3686400,0,2560x1440,8
1.3.302,cards,0.28600001335144,7,0.173000335693359,32.6720008850098,AMD Radeon(TM) Graphics,33.1839981079102,integrated_gpu,AMD,15.6380004882813,26.4380006790161,FAST_MARSCHNER,bc073883f0825c97af93c4a4e36fa1e2-driver-8388939,3686400,0,2560x1440,8
1.3.302,cards,0.303999990224838,7,0.550998687744141,49.7910003662109,AMD Radeon(TM) Graphics,51.1030006408691,integrated_gpu,AMD,32.7569999694824,43.5570001602173,CINEMATIC_MARSCHNER,bc073883f0825c97af93c4a4e36fa1e2-driver-8388939,3686400,0,2560x1440,8
1.3.302,cards,0.307000011205673,7,0.36199951171875,34.5050010681152,AMD Radeon(TM) Graphics,35.6469993591309,integrated_gpu,AMD,17.4710006713867,28.2710008621216,REFERENCE_MARSCHNER,bc073883f0825c97af93c4a4e36fa1e2-driver-8388939,3686400,0,2560x1440,8
1.3.302,cards,0.275999993085861,7,0.117000102996826,6.1269998550415,AMD Radeon(TM) Graphics,6.76100015640259,integrated_gpu,AMD,,,NO_HAIR,bc073883f0825c97af93c4a4e36fa1e2-driver-8388939,3686400,1,2560x1440,8
1.3.302,cards,0.293999999761581,7,0.180000305175781,16.8080005645752,AMD Radeon(TM) Graphics,17.2639999389648,integrated_gpu,AMD,,10.6810007095337,CARD_CONTROL,bc073883f0825c97af93c4a4e36fa1e2-driver-8388939,3686400,1,2560x1440,8
1.3.302,cards,0.298000007867813,7,0.121000289916992,20.0410003662109,AMD Radeon(TM) Graphics,20.4790000915527,integrated_gpu,AMD,3.23299980163574,13.9140005111694,ALU_PROBE_96,bc073883f0825c97af93c4a4e36fa1e2-driver-8388939,3686400,1,2560x1440,8
1.3.302,cards,0.29899999499321,7,0.267999649047852,25.9860000610352,AMD Radeon(TM) Graphics,27.5450000762939,integrated_gpu,AMD,9.17799949645996,19.8590002059937,LUT_PROBE_16,bc073883f0825c97af93c4a4e36fa1e2-driver-8388939,3686400,1,2560x1440,8
1.3.302,cards,0.316000014543533,7,0.550998687744141,50.2569999694824,AMD Radeon(TM) Graphics,51.8610000610352,integrated_gpu,AMD,33.4489994049072,44.1300001144409,CINEMATIC_MARSCHNER,bc073883f0825c97af93c4a4e36fa1e2-driver-8388939,3686400,1,2560x1440,8
1.3.302,cards,0.300999999046326,7,0.147998809814453,32.5419998168945,AMD Radeon(TM) Graphics,32.9459991455078,integrated_gpu,AMD,15.7339992523193,26.414999961853,FAST_MARSCHNER,bc073883f0825c97af93c4a4e36fa1e2-driver-8388939,3686400,1,2560x1440,8
1.3.302,cards,0.29899999499321,7,0.117000579833984,24.2569999694824,AMD Radeon(TM) Graphics,24.8400001525879,integrated_gpu,AMD,7.44899940490723,18.1300001144409,APPROX_KAJIYA_KAY,bc073883f0825c97af93c4a4e36fa1e2-driver-8388939,3686400,1,2560x1440,8
1.3.302,cards,0.31700000166893,7,0.259002685546875,34.2949981689453,AMD Radeon(TM) Graphics,35.2820014953613,integrated_gpu,AMD,17.4869976043701,28.1679983139038,REFERENCE_MARSCHNER,bc073883f0825c97af93c4a4e36fa1e2-driver-8388939,3686400,1,2560x1440,8
1.3.302,cards,0.296000003814697,7,0.107999801635742,6.09899997711182,AMD Radeon(TM) Graphics,6.7810001373291,integrated_gpu,AMD,,,NO_HAIR,bc073883f0825c97af93c4a4e36fa1e2-driver-8388939,3686400,2,2560x1440,8
1.3.302,cards,0.310999989509583,7,0.173000335693359,16.753999710083,AMD Radeon(TM) Graphics,17.32200050354,integrated_gpu,AMD,,10.6549997329712,CARD_CONTROL,bc073883f0825c97af93c4a4e36fa1e2-driver-8388939,3686400,2,2560x1440,8
1.3.302,cards,0.30799999833107,7,0.191999435424805,20.1149997711182,AMD Radeon(TM) Graphics,20.8080005645752,integrated_gpu,AMD,3.36100006103516,14.0159997940063,ALU_PROBE_96,bc073883f0825c97af93c4a4e36fa1e2-driver-8388939,3686400,2,2560x1440,8
1.3.302,cards,0.333000004291534,7,1.08200073242188,27.0939998626709,AMD Radeon(TM) Graphics,29.9050006866455,integrated_gpu,AMD,10.3400001525879,20.9949998855591,LUT_PROBE_16,bc073883f0825c97af93c4a4e36fa1e2-driver-8388939,3686400,2,2560x1440,8
1.3.302,cards,0.310000002384186,7,0.590999603271484,49.5419998168945,AMD Radeon(TM) Graphics,50.8019981384277,integrated_gpu,AMD,32.7880001068115,43.4429998397827,CINEMATIC_MARSCHNER,bc073883f0825c97af93c4a4e36fa1e2-driver-8388939,3686400,2,2560x1440,8
1.3.302,cards,0.33899998664856,7,0.427997589111328,34.7029991149902,AMD Radeon(TM) Graphics,36.0270004272461,integrated_gpu,AMD,17.9489994049072,28.6039991378784,REFERENCE_MARSCHNER,bc073883f0825c97af93c4a4e36fa1e2-driver-8388939,3686400,2,2560x1440,8
1.3.302,cards,0.307000011205673,7,0.255001068115234,24.4150009155273,AMD Radeon(TM) Graphics,25.42799949646,integrated_gpu,AMD,7.66100120544434,18.3160009384155,APPROX_KAJIYA_KAY,bc073883f0825c97af93c4a4e36fa1e2-driver-8388939,3686400,2,2560x1440,8
1.3.302,cards,0.303000003099442,7,0.159000396728516,32.4210014343262,AMD Radeon(TM) Graphics,32.8819999694824,integrated_gpu,AMD,15.6670017242432,26.3220014572144,FAST_MARSCHNER,bc073883f0825c97af93c4a4e36fa1e2-driver-8388939,3686400,2,2560x1440,8
1.3.302,cards,0.321999996900558,7,0.128999710083008,6.1269998550415,AMD Radeon(TM) Graphics,6.75699996948242,integrated_gpu,AMD,,,NO_HAIR,bc073883f0825c97af93c4a4e36fa1e2-driver-8388939,3686400,3,2560x1440,8
1.3.302,cards,0.321000009775162,7,0.422998428344727,16.9190006256104,AMD Radeon(TM) Graphics,18.9349994659424,integrated_gpu,AMD,,10.7920007705688,CARD_CONTROL,bc073883f0825c97af93c4a4e36fa1e2-driver-8388939,3686400,3,2560x1440,8
1.3.302,cards,0.312000006437302,7,0.137998580932617,20.0189990997314,AMD Radeon(TM) Graphics,20.6660003662109,integrated_gpu,AMD,3.09999847412109,13.8919992446899,ALU_PROBE_96,bc073883f0825c97af93c4a4e36fa1e2-driver-8388939,3686400,3,2560x1440,8
1.3.302,cards,0.30799999833107,7,0.177999496459961,25.6509990692139,AMD Radeon(TM) Graphics,26.4549999237061,integrated_gpu,AMD,8.73199844360352,19.5239992141724,LUT_PROBE_16,bc073883f0825c97af93c4a4e36fa1e2-driver-8388939,3686400,3,2560x1440,8
1.3.302,cards,0.305000007152557,7,0.129999160766602,24.1949996948242,AMD Radeon(TM) Graphics,24.5820007324219,integrated_gpu,AMD,7.27599906921387,18.0679998397827,APPROX_KAJIYA_KAY,bc073883f0825c97af93c4a4e36fa1e2-driver-8388939,3686400,3,2560x1440,8
1.3.302,cards,0.314000010490417,7,0.201000213623047,34.1619987487793,AMD Radeon(TM) Graphics,34.8050003051758,integrated_gpu,AMD,17.2429981231689,28.0349988937378,REFERENCE_MARSCHNER,bc073883f0825c97af93c4a4e36fa1e2-driver-8388939,3686400,3,2560x1440,8
1.3.302,cards,0.305999994277954,7,0.568000793457031,49.2709999084473,AMD Radeon(TM) Graphics,50.3580017089844,integrated_gpu,AMD,32.3519992828369,43.1440000534058,CINEMATIC_MARSCHNER,bc073883f0825c97af93c4a4e36fa1e2-driver-8388939,3686400,3,2560x1440,8
1.3.302,cards,0.300999999046326,7,0.135997772216797,32.398998260498,AMD Radeon(TM) Graphics,32.8230018615723,integrated_gpu,AMD,15.4799976348877,26.2719984054565,FAST_MARSCHNER,bc073883f0825c97af93c4a4e36fa1e2-driver-8388939,3686400,3,2560x1440,8
1.3.302,cards,0.266999989748001,7,0.122000217437744,6.1230001449585,AMD Radeon(TM) Graphics,6.71299982070923,integrated_gpu,AMD,,,NO_HAIR,bc073883f0825c97af93c4a4e36fa1e2-driver-8388939,3686400,4,2560x1440,8
1.3.302,cards,0.30799999833107,7,0.185001373291016,16.7700004577637,AMD Radeon(TM) Graphics,17.9930000305176,integrated_gpu,AMD,,10.6470003128052,CARD_CONTROL,bc073883f0825c97af93c4a4e36fa1e2-driver-8388939,3686400,4,2560x1440,8
1.3.302,cards,0.308999985456467,7,0.26300048828125,20.1569995880127,AMD Radeon(TM) Graphics,21.8010005950928,integrated_gpu,AMD,3.38699913024902,14.0339994430542,ALU_PROBE_96,bc073883f0825c97af93c4a4e36fa1e2-driver-8388939,3686400,4,2560x1440,8
1.3.302,cards,0.293999999761581,7,0.208999633789063,25.3390007019043,AMD Radeon(TM) Graphics,26.1410007476807,integrated_gpu,AMD,8.56900024414063,19.2160005569458,LUT_PROBE_16,bc073883f0825c97af93c4a4e36fa1e2-driver-8388939,3686400,4,2560x1440,8
1.3.302,cards,0.291999995708466,7,0.120998382568359,23.9909992218018,AMD Radeon(TM) Graphics,24.4529991149902,integrated_gpu,AMD,7.22099876403809,17.8679990768433,APPROX_KAJIYA_KAY,bc073883f0825c97af93c4a4e36fa1e2-driver-8388939,3686400,4,2560x1440,8
1.3.302,cards,0.301999986171722,7,0.180000305175781,32.3450012207031,AMD Radeon(TM) Graphics,32.867000579834,integrated_gpu,AMD,15.5750007629395,26.2220010757446,FAST_MARSCHNER,bc073883f0825c97af93c4a4e36fa1e2-driver-8388939,3686400,4,2560x1440,8
1.3.302,cards,0.296000003814697,7,0.515003204345703,49.0449981689453,AMD Radeon(TM) Graphics,50.1689987182617,integrated_gpu,AMD,32.2749977111816,42.9219980239868,CINEMATIC_MARSCHNER,bc073883f0825c97af93c4a4e36fa1e2-driver-8388939,3686400,4,2560x1440,8
1.3.302,cards,0.305999994277954,7,0.194000244140625,33.9599990844727,AMD Radeon(TM) Graphics,34.6230010986328,integrated_gpu,AMD,17.189998626709,27.8369989395142,REFERENCE_MARSCHNER,bc073883f0825c97af93c4a4e36fa1e2-driver-8388939,3686400,4,2560x1440,8
1.3.302,coverage,0.123000003397465,0,0.057999849319458,3.93799996376038,AMD Radeon(TM) Graphics,4.20800018310547,integrated_gpu,AMD,,,NO_HAIR,bc073883f0825c97af93c4a4e36fa1e2-driver-8388939,3686400,0,2560x1440,1
1.3.302,coverage,0.268999993801117,0,0.106000900268555,30.1480007171631,AMD Radeon(TM) Graphics,30.4720001220703,integrated_gpu,AMD,,26.2100007534027,CARD_CONTROL,bc073883f0825c97af93c4a4e36fa1e2-driver-8388939,3686400,0,2560x1440,1
1.3.302,coverage,0.26800000667572,0,0.103000640869141,35.4910011291504,AMD Radeon(TM) Graphics,35.765998840332,integrated_gpu,AMD,5.3430004119873,31.55300116539,ALU_PROBE_96,bc073883f0825c97af93c4a4e36fa1e2-driver-8388939,3686400,0,2560x1440,1
1.3.302,coverage,0.270000010728836,0,0.146999359130859,50.9630012512207,AMD Radeon(TM) Graphics,51.5519981384277,integrated_gpu,AMD,20.8150005340576,47.0250012874603,LUT_PROBE_16,bc073883f0825c97af93c4a4e36fa1e2-driver-8388939,3686400,0,2560x1440,1
1.3.302,coverage,0.263000011444092,0,0.104999542236328,33.7799987792969,AMD Radeon(TM) Graphics,34.1189994812012,integrated_gpu,AMD,3.63199806213379,29.8419988155365,APPROX_KAJIYA_KAY,bc073883f0825c97af93c4a4e36fa1e2-driver-8388939,3686400,0,2560x1440,1
1.3.302,coverage,0.266999989748001,0,0.118000030517578,36.5330009460449,AMD Radeon(TM) Graphics,36.9090003967285,integrated_gpu,AMD,6.38500022888184,32.5950009822845,FAST_MARSCHNER,bc073883f0825c97af93c4a4e36fa1e2-driver-8388939,3686400,0,2560x1440,1
1.3.302,coverage,0.272000014781952,0,0.126998901367188,40.423999786377,AMD Radeon(TM) Graphics,40.7919998168945,integrated_gpu,AMD,10.2759990692139,36.4859998226166,CINEMATIC_MARSCHNER,bc073883f0825c97af93c4a4e36fa1e2-driver-8388939,3686400,0,2560x1440,1
1.3.302,coverage,0.273999989032745,0,0.270000457763672,47.7239990234375,AMD Radeon(TM) Graphics,49.4259986877441,integrated_gpu,AMD,17.5759983062744,43.7859990596771,REFERENCE_MARSCHNER,bc073883f0825c97af93c4a4e36fa1e2-driver-8388939,3686400,0,2560x1440,1
1.3.302,coverage,0.158999994397163,0,0.0659999847412109,3.98399996757507,AMD Radeon(TM) Graphics,4.26000022888184,integrated_gpu,AMD,,,NO_HAIR,bc073883f0825c97af93c4a4e36fa1e2-driver-8388939,3686400,1,2560x1440,1
1.3.302,coverage,0.259999990463257,0,0.104000091552734,30.181999206543,AMD Radeon(TM) Graphics,30.4930000305176,integrated_gpu,AMD,,26.1979992389679,CARD_CONTROL,bc073883f0825c97af93c4a4e36fa1e2-driver-8388939,3686400,1,2560x1440,1
1.3.302,coverage,0.264999985694885,0,0.135002136230469,35.6780014038086,AMD Radeon(TM) Graphics,36.0209999084473,integrated_gpu,AMD,5.49600219726563,31.6940014362335,ALU_PROBE_96,bc073883f0825c97af93c4a4e36fa1e2-driver-8388939,3686400,1,2560x1440,1
1.3.302,coverage,0.270999997854233,0,0.259998321533203,51.7459983825684,AMD Radeon(TM) Graphics,52.9659996032715,integrated_gpu,AMD,21.5639991760254,47.7619984149933,LUT_PROBE_16,bc073883f0825c97af93c4a4e36fa1e2-driver-8388939,3686400,1,2560x1440,1
1.3.302,coverage,0.270000010728836,0,0.192996978759766,40.7249984741211,AMD Radeon(TM) Graphics,42.2509994506836,integrated_gpu,AMD,10.5429992675781,36.740998506546,CINEMATIC_MARSCHNER,bc073883f0825c97af93c4a4e36fa1e2-driver-8388939,3686400,1,2560x1440,1
1.3.302,coverage,0.26800000667572,0,0.157001495361328,36.7919998168945,AMD Radeon(TM) Graphics,37.2760009765625,integrated_gpu,AMD,6.61000061035156,32.8079998493195,FAST_MARSCHNER,bc073883f0825c97af93c4a4e36fa1e2-driver-8388939,3686400,1,2560x1440,1
1.3.302,coverage,0.275000005960464,0,0.230998992919922,34.1749992370605,AMD Radeon(TM) Graphics,35.0279998779297,integrated_gpu,AMD,3.99300003051758,30.1909992694855,APPROX_KAJIYA_KAY,bc073883f0825c97af93c4a4e36fa1e2-driver-8388939,3686400,1,2560x1440,1
1.3.302,coverage,0.280000001192093,0,0.290000915527344,47.9599990844727,AMD Radeon(TM) Graphics,49.4039993286133,integrated_gpu,AMD,17.7779998779297,43.9759991168976,REFERENCE_MARSCHNER,bc073883f0825c97af93c4a4e36fa1e2-driver-8388939,3686400,1,2560x1440,1
1.3.302,coverage,0.200000002980232,0,0.0620002746582031,4.00299978256226,AMD Radeon(TM) Graphics,4.26200008392334,integrated_gpu,AMD,,,NO_HAIR,bc073883f0825c97af93c4a4e36fa1e2-driver-8388939,3686400,2,2560x1440,1
1.3.302,coverage,0.273999989032745,0,0.159999847412109,30.367000579834,AMD Radeon(TM) Graphics,30.8169994354248,integrated_gpu,AMD,,26.3640007972717,CARD_CONTROL,bc073883f0825c97af93c4a4e36fa1e2-driver-8388939,3686400,2,2560x1440,1
1.3.302,coverage,0.27700001001358,0,0.125,35.7070007324219,AMD Radeon(TM) Graphics,36.0330009460449,integrated_gpu,AMD,5.34000015258789,31.7040009498596,ALU_PROBE_96,bc073883f0825c97af93c4a4e36fa1e2-driver-8388939,3686400,2,2560x1440,1
1.3.302,coverage,0.273000001907349,0,0.201000213623047,51.7849998474121,AMD Radeon(TM) Graphics,52.8009986877441,integrated_gpu,AMD,21.4179992675781,47.7820000648499,LUT_PROBE_16,bc073883f0825c97af93c4a4e36fa1e2-driver-8388939,3686400,2,2560x1440,1
1.3.302,coverage,0.282000005245209,0,0.194000244140625,40.7890014648438,AMD Radeon(TM) Graphics,42.181999206543,integrated_gpu,AMD,10.4220008850098,36.7860016822815,CINEMATIC_MARSCHNER,bc073883f0825c97af93c4a4e36fa1e2-driver-8388939,3686400,2,2560x1440,1
1.3.302,coverage,0.277999997138977,0,0.174999237060547,47.8919982910156,AMD Radeon(TM) Graphics,48.3940010070801,integrated_gpu,AMD,17.5249977111816,43.8889985084534,REFERENCE_MARSCHNER,bc073883f0825c97af93c4a4e36fa1e2-driver-8388939,3686400,2,2560x1440,1
1.3.302,coverage,0.282999992370605,0,0.148998260498047,34.068000793457,AMD Radeon(TM) Graphics,34.7589988708496,integrated_gpu,AMD,3.70100021362305,30.0650010108948,APPROX_KAJIYA_KAY,bc073883f0825c97af93c4a4e36fa1e2-driver-8388939,3686400,2,2560x1440,1
1.3.302,coverage,0.280000001192093,0,0.149997711181641,36.8009986877441,AMD Radeon(TM) Graphics,37.4010009765625,integrated_gpu,AMD,6.43399810791016,32.7979989051819,FAST_MARSCHNER,bc073883f0825c97af93c4a4e36fa1e2-driver-8388939,3686400,2,2560x1440,1
1.3.302,coverage,0.217999994754791,0,0.0850000381469727,4.01399993896484,AMD Radeon(TM) Graphics,4.29099988937378,integrated_gpu,AMD,,,NO_HAIR,bc073883f0825c97af93c4a4e36fa1e2-driver-8388939,3686400,3,2560x1440,1
1.3.302,coverage,0.284000009298325,0,0.260000228881836,30.5890007019043,AMD Radeon(TM) Graphics,31.8840007781982,integrated_gpu,AMD,,26.5750007629395,CARD_CONTROL,bc073883f0825c97af93c4a4e36fa1e2-driver-8388939,3686400,3,2560x1440,1
1.3.302,coverage,0.287999987602234,0,0.174999237060547,35.7779998779297,AMD Radeon(TM) Graphics,36.7109985351563,integrated_gpu,AMD,5.18899917602539,31.7639999389648,ALU_PROBE_96,bc073883f0825c97af93c4a4e36fa1e2-driver-8388939,3686400,3,2560x1440,1
1.3.302,coverage,0.275000005960464,0,0.252998352050781,51.6980018615723,AMD Radeon(TM) Graphics,52.8209991455078,integrated_gpu,AMD,21.109001159668,47.6840019226074,LUT_PROBE_16,bc073883f0825c97af93c4a4e36fa1e2-driver-8388939,3686400,3,2560x1440,1
1.3.302,coverage,0.270999997854233,0,0.172000885009766,34.0830001831055,AMD Radeon(TM) Graphics,34.7519989013672,integrated_gpu,AMD,3.49399948120117,30.0690002441406,APPROX_KAJIYA_KAY,bc073883f0825c97af93c4a4e36fa1e2-driver-8388939,3686400,3,2560x1440,1
1.3.302,coverage,0.277999997138977,0,0.306999206542969,48.0349998474121,AMD Radeon(TM) Graphics,50.7179985046387,integrated_gpu,AMD,17.4459991455078,44.0209999084473,REFERENCE_MARSCHNER,bc073883f0825c97af93c4a4e36fa1e2-driver-8388939,3686400,3,2560x1440,1
1.3.302,coverage,0.279000014066696,0,0.172000885009766,40.8219985961914,AMD Radeon(TM) Graphics,41.6599998474121,integrated_gpu,AMD,10.2329978942871,36.8079986572266,CINEMATIC_MARSCHNER,bc073883f0825c97af93c4a4e36fa1e2-driver-8388939,3686400,3,2560x1440,1
1.3.302,coverage,0.275000005960464,0,0.142997741699219,36.8019981384277,AMD Radeon(TM) Graphics,37.2869987487793,integrated_gpu,AMD,6.21299743652344,32.7879981994629,FAST_MARSCHNER,bc073883f0825c97af93c4a4e36fa1e2-driver-8388939,3686400,3,2560x1440,1
1.3.302,coverage,0.187000006437302,0,0.0780000686645508,3.98900008201599,AMD Radeon(TM) Graphics,4.31099987030029,integrated_gpu,AMD,,,NO_HAIR,bc073883f0825c97af93c4a4e36fa1e2-driver-8388939,3686400,4,2560x1440,1
1.3.302,coverage,0.26800000667572,0,0.139999389648438,30.4069995880127,AMD Radeon(TM) Graphics,30.8759994506836,integrated_gpu,AMD,,26.4179995059967,CARD_CONTROL,bc073883f0825c97af93c4a4e36fa1e2-driver-8388939,3686400,4,2560x1440,1
1.3.302,coverage,0.270999997854233,0,0.161998748779297,35.7729988098145,AMD Radeon(TM) Graphics,36.7669982910156,integrated_gpu,AMD,5.36599922180176,31.7839987277985,ALU_PROBE_96,bc073883f0825c97af93c4a4e36fa1e2-driver-8388939,3686400,4,2560x1440,1
1.3.302,coverage,0.28999999165535,0,1.11100006103516,52.6349983215332,AMD Radeon(TM) Graphics,62.2029991149902,integrated_gpu,AMD,22.2279987335205,48.6459982395172,LUT_PROBE_16,bc073883f0825c97af93c4a4e36fa1e2-driver-8388939,3686400,4,2560x1440,1
1.3.302,coverage,0.268999993801117,0,0.120002746582031,34.0029983520508,AMD Radeon(TM) Graphics,34.4049987792969,integrated_gpu,AMD,3.59599876403809,30.0139982700348,APPROX_KAJIYA_KAY,bc073883f0825c97af93c4a4e36fa1e2-driver-8388939,3686400,4,2560x1440,1
1.3.302,coverage,0.264999985694885,0,0.147998809814453,36.7789993286133,AMD Radeon(TM) Graphics,37.1510009765625,integrated_gpu,AMD,6.37199974060059,32.7899992465973,FAST_MARSCHNER,bc073883f0825c97af93c4a4e36fa1e2-driver-8388939,3686400,4,2560x1440,1
1.3.302,coverage,0.266999989748001,0,0.136001586914063,40.6720008850098,AMD Radeon(TM) Graphics,41.1399993896484,integrated_gpu,AMD,10.2650012969971,36.6830008029938,CINEMATIC_MARSCHNER,bc073883f0825c97af93c4a4e36fa1e2-driver-8388939,3686400,4,2560x1440,1
1.3.302,coverage,0.270999997854233,0,0.18499755859375,47.7830009460449,AMD Radeon(TM) Graphics,48.5839996337891,integrated_gpu,AMD,17.3760013580322,43.7940008640289,REFERENCE_MARSCHNER,bc073883f0825c97af93c4a4e36fa1e2-driver-8388939,3686400,4,2560x1440,1
1.3.302,coverage,0.210999995470047,3,0.1080002784729,4.91099977493286,AMD Radeon(TM) Graphics,5.32800006866455,integrated_gpu,AMD,,,NO_HAIR,bc073883f0825c97af93c4a4e36fa1e2-driver-8388939,3686400,0,2560x1440,4
1.3.302,coverage,0.270000010728836,3,0.132999420166016,30.9829998016357,AMD Radeon(TM) Graphics,31.5139999389648,integrated_gpu,AMD,,26.0720000267029,CARD_CONTROL,bc073883f0825c97af93c4a4e36fa1e2-driver-8388939,3686400,0,2560x1440,4
1.3.302,coverage,0.272000014781952,3,0.131999969482422,36.3320007324219,AMD Radeon(TM) Graphics,36.7719993591309,integrated_gpu,AMD,5.34900093078613,31.421000957489,ALU_PROBE_96,bc073883f0825c97af93c4a4e36fa1e2-driver-8388939,3686400,0,2560x1440,4
1.3.302,coverage,0.275999993085861,3,0.332000732421875,52.4970016479492,AMD Radeon(TM) Graphics,53.7690010070801,integrated_gpu,AMD,21.5140018463135,47.5860018730164,LUT_PROBE_16,bc073883f0825c97af93c4a4e36fa1e2-driver-8388939,3686400,0,2560x1440,4
1.3.302,coverage,0.296000003814697,3,0.465999603271484,38.4370002746582,AMD Radeon(TM) Graphics,40.6349983215332,integrated_gpu,AMD,7.45400047302246,33.5260004997253,APPROX_KAJIYA_KAY,bc073883f0825c97af93c4a4e36fa1e2-driver-8388939,3686400,0,2560x1440,4
1.3.302,coverage,0.27700001001358,3,0.211002349853516,45.4560012817383,AMD Radeon(TM) Graphics,46.351001739502,integrated_gpu,AMD,14.4730014801025,40.5450015068054,FAST_MARSCHNER,bc073883f0825c97af93c4a4e36fa1e2-driver-8388939,3686400,0,2560x1440,4
1.3.302,coverage,0.273000001907349,3,0.805000305175781,60.5429992675781,AMD Radeon(TM) Graphics,61.8349990844727,integrated_gpu,AMD,29.5599994659424,55.6319994926453,CINEMATIC_MARSCHNER,bc073883f0825c97af93c4a4e36fa1e2-driver-8388939,3686400,0,2560x1440,4
1.3.302,coverage,0.270999997854233,3,0.293998718261719,57.298999786377,AMD Radeon(TM) Graphics,57.9749984741211,integrated_gpu,AMD,26.3159999847412,52.3880000114441,REFERENCE_MARSCHNER,bc073883f0825c97af93c4a4e36fa1e2-driver-8388939,3686400,0,2560x1440,4
1.3.302,coverage,0.236000001430511,3,0.116000175476074,4.93400001525879,AMD Radeon(TM) Graphics,5.38299989700317,integrated_gpu,AMD,,,NO_HAIR,bc073883f0825c97af93c4a4e36fa1e2-driver-8388939,3686400,1,2560x1440,4
1.3.302,coverage,0.266999989748001,3,0.168001174926758,30.988000869751,AMD Radeon(TM) Graphics,31.4710006713867,integrated_gpu,AMD,,26.0540008544922,CARD_CONTROL,bc073883f0825c97af93c4a4e36fa1e2-driver-8388939,3686400,1,2560x1440,4
1.3.302,coverage,0.270999997854233,3,0.167999267578125,36.3460006713867,AMD Radeon(TM) Graphics,37.2999992370605,integrated_gpu,AMD,5.35799980163574,31.4120006561279,ALU_PROBE_96,bc073883f0825c97af93c4a4e36fa1e2-driver-8388939,3686400,1,2560x1440,4
1.3.302,coverage,0.277999997138977,3,0.730003356933594,52.4900016784668,AMD Radeon(TM) Graphics,64.004997253418,integrated_gpu,AMD,21.5020008087158,47.556001663208,LUT_PROBE_16,bc073883f0825c97af93c4a4e36fa1e2-driver-8388939,3686400,1,2560x1440,4
1.3.302,coverage,0.273000001907349,3,0.751998901367188,60.548999786377,AMD Radeon(TM) Graphics,61.8569984436035,integrated_gpu,AMD,29.560998916626,55.6149997711182,CINEMATIC_MARSCHNER,bc073883f0825c97af93c4a4e36fa1e2-driver-8388939,3686400,1,2560x1440,4
1.3.302,coverage,0.266999989748001,3,0.162998199462891,45.257999420166,AMD Radeon(TM) Graphics,45.7239990234375,integrated_gpu,AMD,14.269998550415,40.3239994049072,FAST_MARSCHNER,bc073883f0825c97af93c4a4e36fa1e2-driver-8388939,3686400,1,2560x1440,4
1.3.302,coverage,0.270000010728836,3,0.141998291015625,37.9179992675781,AMD Radeon(TM) Graphics,38.4529991149902,integrated_gpu,AMD,6.92999839782715,32.9839992523193,APPROX_KAJIYA_KAY,bc073883f0825c97af93c4a4e36fa1e2-driver-8388939,3686400,1,2560x1440,4
1.3.302,coverage,0.275999993085861,3,0.340999603271484,57.3479995727539,AMD Radeon(TM) Graphics,58.798999786377,integrated_gpu,AMD,26.3599987030029,52.4139995574951,REFERENCE_MARSCHNER,bc073883f0825c97af93c4a4e36fa1e2-driver-8388939,3686400,1,2560x1440,4
1.3.302,coverage,0.175999999046326,3,0.0939998626708984,4.89799976348877,AMD Radeon(TM) Graphics,5.31799983978271,integrated_gpu,AMD,,,NO_HAIR,bc073883f0825c97af93c4a4e36fa1e2-driver-8388939,3686400,2,2560x1440,4
1.3.302,coverage,0.268999993801117,3,0.1510009765625,30.923999786377,AMD Radeon(TM) Graphics,31.4890003204346,integrated_gpu,AMD,,26.0260000228882,CARD_CONTROL,bc073883f0825c97af93c4a4e36fa1e2-driver-8388939,3686400,2,2560x1440,4
1.3.302,coverage,0.26800000667572,3,0.119998931884766,36.2270011901855,AMD Radeon(TM) Graphics,36.6040000915527,integrated_gpu,AMD,5.30300140380859,31.3290014266968,ALU_PROBE_96,bc073883f0825c97af93c4a4e36fa1e2-driver-8388939,3686400,2,2560x1440,4
1.3.302,coverage,0.26800000667572,3,0.23699951171875,52.0019989013672,AMD Radeon(TM) Graphics,53.0460014343262,integrated_gpu,AMD,21.0779991149902,47.1039991378784,LUT_PROBE_16,bc073883f0825c97af93c4a4e36fa1e2-driver-8388939,3686400,2,2560x1440,4
1.3.302,coverage,0.266000002622604,3,0.757999420166016,60.4809989929199,AMD Radeon(TM) Graphics,61.757999420166,integrated_gpu,AMD,29.556999206543,55.5829992294312,CINEMATIC_MARSCHNER,bc073883f0825c97af93c4a4e36fa1e2-driver-8388939,3686400,2,2560x1440,4
1.3.302,coverage,0.270000010728836,3,0.253002166748047,57.0289993286133,AMD Radeon(TM) Graphics,57.6669998168945,integrated_gpu,AMD,26.1049995422363,52.1309995651245,REFERENCE_MARSCHNER,bc073883f0825c97af93c4a4e36fa1e2-driver-8388939,3686400,2,2560x1440,4
1.3.302,coverage,0.275000005960464,3,0.133998870849609,37.9990005493164,AMD Radeon(TM) Graphics,38.4329986572266,integrated_gpu,AMD,7.07500076293945,33.1010007858276,APPROX_KAJIYA_KAY,bc073883f0825c97af93c4a4e36fa1e2-driver-8388939,3686400,2,2560x1440,4
1.3.302,coverage,0.270000010728836,3,0.194999694824219,45.3540000915527,AMD Radeon(TM) Graphics,45.898998260498,integrated_gpu,AMD,14.4300003051758,40.456000328064,FAST_MARSCHNER,bc073883f0825c97af93c4a4e36fa1e2-driver-8388939,3686400,2,2560x1440,4
1.3.302,coverage,0.264999985694885,3,0.10699987411499,4.94099998474121,AMD Radeon(TM) Graphics,5.44000005722046,integrated_gpu,AMD,,,NO_HAIR,bc073883f0825c97af93c4a4e36fa1e2-driver-8388939,3686400,3,2560x1440,4
1.3.302,coverage,0.275999993085861,3,0.131999969482422,30.9619998931885,AMD Radeon(TM) Graphics,31.3780002593994,integrated_gpu,AMD,,26.0209999084473,CARD_CONTROL,bc073883f0825c97af93c4a4e36fa1e2-driver-8388939,3686400,3,2560x1440,4
1.3.302,coverage,0.277999997138977,3,0.112998962402344,36.2910003662109,AMD Radeon(TM) Graphics,36.6910018920898,integrated_gpu,AMD,5.32900047302246,31.3500003814697,ALU_PROBE_96,bc073883f0825c97af93c4a4e36fa1e2-driver-8388939,3686400,3,2560x1440,4
1.3.302,coverage,0.284000009298325,3,0.279998779296875,52.2980003356934,AMD Radeon(TM) Graphics,54.0880012512207,integrated_gpu,AMD,21.3360004425049,47.3570003509521,LUT_PROBE_16,bc073883f0825c97af93c4a4e36fa1e2-driver-8388939,3686400,3,2560x1440,4
1.3.302,coverage,0.28099998831749,3,0.159000396728516,37.9539985656738,AMD Radeon(TM) Graphics,38.5359992980957,integrated_gpu,AMD,6.99199867248535,33.0129985809326,APPROX_KAJIYA_KAY,bc073883f0825c97af93c4a4e36fa1e2-driver-8388939,3686400,3,2560x1440,4
1.3.302,coverage,0.248999997973442,3,0.273002624511719,57.2120018005371,AMD Radeon(TM) Graphics,57.8279991149902,integrated_gpu,AMD,26.2500019073486,52.2710018157959,REFERENCE_MARSCHNER,bc073883f0825c97af93c4a4e36fa1e2-driver-8388939,3686400,3,2560x1440,4
1.3.302,coverage,0.275000005960464,3,0.761997222900391,60.4900016784668,AMD Radeon(TM) Graphics,61.8610000610352,integrated_gpu,AMD,29.5280017852783,55.5490016937256,CINEMATIC_MARSCHNER,bc073883f0825c97af93c4a4e36fa1e2-driver-8388939,3686400,3,2560x1440,4
1.3.302,coverage,0.28099998831749,3,0.199996948242188,45.3440017700195,AMD Radeon(TM) Graphics,45.9070014953613,integrated_gpu,AMD,14.3820018768311,40.4030017852783,FAST_MARSCHNER,bc073883f0825c97af93c4a4e36fa1e2-driver-8388939,3686400,3,2560x1440,4
1.3.302,coverage,0.216000005602837,3,0.10699987411499,4.90799999237061,AMD Radeon(TM) Graphics,5.32200002670288,integrated_gpu,AMD,,,NO_HAIR,bc073883f0825c97af93c4a4e36fa1e2-driver-8388939,3686400,4,2560x1440,4
1.3.302,coverage,0.266000002622604,3,0.137001037597656,30.988000869751,AMD Radeon(TM) Graphics,31.4710006713867,integrated_gpu,AMD,,26.0800008773804,CARD_CONTROL,bc073883f0825c97af93c4a4e36fa1e2-driver-8388939,3686400,4,2560x1440,4
1.3.302,coverage,0.264999985694885,3,0.120002746582031,36.3660011291504,AMD Radeon(TM) Graphics,36.7779998779297,integrated_gpu,AMD,5.37800025939941,31.4580011367798,ALU_PROBE_96,bc073883f0825c97af93c4a4e36fa1e2-driver-8388939,3686400,4,2560x1440,4
1.3.302,coverage,0.266000002622604,3,0.238998413085938,52.5559997558594,AMD Radeon(TM) Graphics,53.4869995117188,integrated_gpu,AMD,21.5679988861084,47.6479997634888,LUT_PROBE_16,bc073883f0825c97af93c4a4e36fa1e2-driver-8388939,3686400,4,2560x1440,4
1.3.302,coverage,0.266999989748001,3,0.132999420166016,38.048999786377,AMD Radeon(TM) Graphics,38.4440002441406,integrated_gpu,AMD,7.06099891662598,33.1409997940063,APPROX_KAJIYA_KAY,bc073883f0825c97af93c4a4e36fa1e2-driver-8388939,3686400,4,2560x1440,4
1.3.302,coverage,0.26800000667572,3,0.180999755859375,45.4780006408691,AMD Radeon(TM) Graphics,46.0139999389648,integrated_gpu,AMD,14.4899997711182,40.5700006484985,FAST_MARSCHNER,bc073883f0825c97af93c4a4e36fa1e2-driver-8388939,3686400,4,2560x1440,4
1.3.302,coverage,0.270000010728836,3,0.680000305175781,60.6910018920898,AMD Radeon(TM) Graphics,61.9220008850098,integrated_gpu,AMD,29.7030010223389,55.7830018997192,CINEMATIC_MARSCHNER,bc073883f0825c97af93c4a4e36fa1e2-driver-8388939,3686400,4,2560x1440,4
1.3.302,coverage,0.270000010728836,3,0.262001037597656,57.3269996643066,AMD Radeon(TM) Graphics,57.939998626709,integrated_gpu,AMD,26.3389987945557,52.418999671936,REFERENCE_MARSCHNER,bc073883f0825c97af93c4a4e36fa1e2-driver-8388939,3686400,4,2560x1440,4
1.3.302,coverage,0.308999985456467,7,0.11899995803833,6.11899995803833,AMD Radeon(TM) Graphics,6.7350001335144,integrated_gpu,AMD,,,NO_HAIR,bc073883f0825c97af93c4a4e36fa1e2-driver-8388939,3686400,0,2560x1440,8
1.3.302,coverage,0.273000001907349,7,0.161001205444336,31.9759998321533,AMD Radeon(TM) Graphics,32.5820007324219,integrated_gpu,AMD,,25.856999874115,CARD_CONTROL,bc073883f0825c97af93c4a4e36fa1e2-driver-8388939,3686400,0,2560x1440,8
1.3.302,coverage,0.277999997138977,7,0.157997131347656,37.2799987792969,AMD Radeon(TM) Graphics,37.8380012512207,integrated_gpu,AMD,5.30399894714355,31.1609988212585,ALU_PROBE_96,bc073883f0825c97af93c4a4e36fa1e2-driver-8388939,3686400,0,2560x1440,8
1.3.302,coverage,0.282000005245209,7,0.251998901367188,53.5460014343262,AMD Radeon(TM) Graphics,54.6609992980957,integrated_gpu,AMD,21.5700016021729,47.4270014762878,LUT_PROBE_16,bc073883f0825c97af93c4a4e36fa1e2-driver-8388939,3686400,0,2560x1440,8
1.3.302,coverage,0.275999993085861,7,0.161003112792969,43.7400016784668,AMD Radeon(TM) Graphics,44.2120018005371,integrated_gpu,AMD,11.7640018463135,37.6210017204285,APPROX_KAJIYA_KAY,bc073883f0825c97af93c4a4e36fa1e2-driver-8388939,3686400,0,2560x1440,8
1.3.302,coverage,0.27700001001358,7,0.557998657226563,57.2509994506836,AMD Radeon(TM) Graphics,58.3730010986328,integrated_gpu,AMD,25.2749996185303,51.1319994926453,FAST_MARSCHNER,bc073883f0825c97af93c4a4e36fa1e2-driver-8388939,3686400,0,2560x1440,8
1.3.302,coverage,0.273000001907349,7,2.08599853515625,89.1470031738281,AMD Radeon(TM) Graphics,91.2539978027344,integrated_gpu,AMD,57.1710033416748,83.0280032157898,CINEMATIC_MARSCHNER,bc073883f0825c97af93c4a4e36fa1e2-driver-8388939,3686400,0,2560x1440,8
1.3.302,coverage,0.272000014781952,7,0.9219970703125,69.931999206543,AMD Radeon(TM) Graphics,71.8359985351563,integrated_gpu,AMD,37.9559993743896,63.8129992485046,REFERENCE_MARSCHNER,bc073883f0825c97af93c4a4e36fa1e2-driver-8388939,3686400,0,2560x1440,8
1.3.302,coverage,0.300000011920929,7,0.115000247955322,6.09700012207031,AMD Radeon(TM) Graphics,6.71700000762939,integrated_gpu,AMD,,,NO_HAIR,bc073883f0825c97af93c4a4e36fa1e2-driver-8388939,3686400,1,2560x1440,8
1.3.302,coverage,0.287000000476837,7,0.143999099731445,31.9099998474121,AMD Radeon(TM) Graphics,32.423999786377,integrated_gpu,AMD,,25.8129997253418,CARD_CONTROL,bc073883f0825c97af93c4a4e36fa1e2-driver-8388939,3686400,1,2560x1440,8
1.3.302,coverage,0.279000014066696,7,0.152999877929688,37.2369995117188,AMD Radeon(TM) Graphics,37.8199996948242,integrated_gpu,AMD,5.32699966430664,31.1399993896484,ALU_PROBE_96,bc073883f0825c97af93c4a4e36fa1e2-driver-8388939,3686400,1,2560x1440,8
1.3.302,coverage,0.284000009298325,7,0.268001556396484,53.3349990844727,AMD Radeon(TM) Graphics,54.8240013122559,integrated_gpu,AMD,21.4249992370605,47.2379989624023,LUT_PROBE_16,bc073883f0825c97af93c4a4e36fa1e2-driver-8388939,3686400,1,2560x1440,8
1.3.302,coverage,0.284999996423721,7,1.32599639892578,90.2360000610352,AMD Radeon(TM) Graphics,91.6480026245117,integrated_gpu,AMD,58.326000213623,84.1389999389648,CINEMATIC_MARSCHNER,bc073883f0825c97af93c4a4e36fa1e2-driver-8388939,3686400,1,2560x1440,8
1.3.302,coverage,0.280000001192093,7,0.568000793457031,57.3079986572266,AMD Radeon(TM) Graphics,58.3610000610352,integrated_gpu,AMD,25.3979988098145,51.2109985351563,FAST_MARSCHNER,bc073883f0825c97af93c4a4e36fa1e2-driver-8388939,3686400,1,2560x1440,8
1.3.302,coverage,0.275999993085861,7,0.152999877929688,43.7509994506836,AMD Radeon(TM) Graphics,44.2039985656738,integrated_gpu,AMD,11.8409996032715,37.6539993286133,APPROX_KAJIYA_KAY,bc073883f0825c97af93c4a4e36fa1e2-driver-8388939,3686400,1,2560x1440,8
1.3.302,coverage,0.287999987602234,7,0.879005432128906,70.370002746582,AMD Radeon(TM) Graphics,72.4300003051758,integrated_gpu,AMD,38.4600028991699,64.2730026245117,REFERENCE_MARSCHNER,bc073883f0825c97af93c4a4e36fa1e2-driver-8388939,3686400,1,2560x1440,8
1.3.302,coverage,0.254999995231628,7,0.132999897003174,6.10699987411499,AMD Radeon(TM) Graphics,6.74499988555908,integrated_gpu,AMD,,,NO_HAIR,bc073883f0825c97af93c4a4e36fa1e2-driver-8388939,3686400,2,2560x1440,8
1.3.302,coverage,0.277999997138977,7,0.161001205444336,31.9710006713867,AMD Radeon(TM) Graphics,32.6300010681152,integrated_gpu,AMD,,25.8640007972717,CARD_CONTROL,bc073883f0825c97af93c4a4e36fa1e2-driver-8388939,3686400,2,2560x1440,8
1.3.302,coverage,0.27700001001358,7,0.124000549316406,37.2070007324219,AMD Radeon(TM) Graphics,37.7029991149902,integrated_gpu,AMD,5.23600006103516,31.1000008583069,ALU_PROBE_96,bc073883f0825c97af93c4a4e36fa1e2-driver-8388939,3686400,2,2560x1440,8
1.3.302,coverage,0.273999989032745,7,0.234001159667969,53.1730003356934,AMD Radeon(TM) Graphics,54.0509986877441,integrated_gpu,AMD,21.2019996643066,47.0660004615784,LUT_PROBE_16,bc073883f0825c97af93c4a4e36fa1e2-driver-8388939,3686400,2,2560x1440,8
1.3.302,coverage,0.277999997138977,7,1.29399871826172,89.9940032958984,AMD Radeon(TM) Graphics,91.3639984130859,integrated_gpu,AMD,58.0230026245117,83.8870034217834,CINEMATIC_MARSCHNER,bc073883f0825c97af93c4a4e36fa1e2-driver-8388939,3686400,2,2560x1440,8
1.3.302,coverage,0.275999993085861,7,0.928001403808594,69.6869964599609,AMD Radeon(TM) Graphics,71.6859970092773,integrated_gpu,AMD,37.7159957885742,63.5799965858459,REFERENCE_MARSCHNER,bc073883f0825c97af93c4a4e36fa1e2-driver-8388939,3686400,2,2560x1440,8
1.3.302,coverage,0.280000001192093,7,0.167999267578125,43.6720008850098,AMD Radeon(TM) Graphics,44.2849998474121,integrated_gpu,AMD,11.701000213623,37.5650010108948,APPROX_KAJIYA_KAY,bc073883f0825c97af93c4a4e36fa1e2-driver-8388939,3686400,2,2560x1440,8
1.3.302,coverage,0.277999997138977,7,0.547000885009766,57.2789993286133,AMD Radeon(TM) Graphics,58.310001373291,integrated_gpu,AMD,25.3079986572266,51.1719994544983,FAST_MARSCHNER,bc073883f0825c97af93c4a4e36fa1e2-driver-8388939,3686400,2,2560x1440,8
1.3.302,coverage,0.257999986410141,7,0.13100004196167,6.12599992752075,AMD Radeon(TM) Graphics,6.77199983596802,integrated_gpu,AMD,,,NO_HAIR,bc073883f0825c97af93c4a4e36fa1e2-driver-8388939,3686400,3,2560x1440,8
1.3.302,coverage,0.273999989032745,7,0.150001525878906,31.8320007324219,AMD Radeon(TM) Graphics,32.3279991149902,integrated_gpu,AMD,,25.7060008049011,CARD_CONTROL,bc073883f0825c97af93c4a4e36fa1e2-driver-8388939,3686400,3,2560x1440,8
1.3.302,coverage,0.275999993085861,7,0.168998718261719,37.2929992675781,AMD Radeon(TM) Graphics,37.8279991149902,integrated_gpu,AMD,5.46099853515625,31.1669993400574,ALU_PROBE_96,bc073883f0825c97af93c4a4e36fa1e2-driver-8388939,3686400,3,2560x1440,8
1.3.302,coverage,0.268999993801117,7,0.243999481201172,53.1590003967285,AMD Radeon(TM) Graphics,54.0740013122559,integrated_gpu,AMD,21.3269996643066,47.0330004692078,LUT_PROBE_16,bc073883f0825c97af93c4a4e36fa1e2-driver-8388939,3686400,3,2560x1440,8
1.3.302,coverage,0.270000010728836,7,0.144001007080078,43.6790008544922,AMD Radeon(TM) Graphics,44.193000793457,integrated_gpu,AMD,11.8470001220703,37.5530009269714,APPROX_KAJIYA_KAY,bc073883f0825c97af93c4a4e36fa1e2-driver-8388939,3686400,3,2560x1440,8
1.3.302,coverage,0.270999997854233,7,1.01000213623047,69.7070007324219,AMD Radeon(TM) Graphics,71.9660034179688,integrated_gpu,AMD,37.875,63.5810008049011,REFERENCE_MARSCHNER,bc073883f0825c97af93c4a4e36fa1e2-driver-8388939,3686400,3,2560x1440,8
1.3.302,coverage,0.279000014066696,7,1.78300476074219,89.677001953125,AMD Radeon(TM) Graphics,91.5429992675781,integrated_gpu,AMD,57.8450012207031,83.5510020256042,CINEMATIC_MARSCHNER,bc073883f0825c97af93c4a4e36fa1e2-driver-8388939,3686400,3,2560x1440,8
1.3.302,coverage,0.268999993801117,7,0.590000152587891,57.2620010375977,AMD Radeon(TM) Graphics,58.3569984436035,integrated_gpu,AMD,25.4300003051758,51.1360011100769,FAST_MARSCHNER,bc073883f0825c97af93c4a4e36fa1e2-driver-8388939,3686400,3,2560x1440,8
1.3.302,coverage,0.284000009298325,7,0.107999801635742,6.11199998855591,AMD Radeon(TM) Graphics,6.72900009155273,integrated_gpu,AMD,,,NO_HAIR,bc073883f0825c97af93c4a4e36fa1e2-driver-8388939,3686400,4,2560x1440,8
1.3.302,coverage,0.277999997138977,7,0.131999969482422,31.8689994812012,AMD Radeon(TM) Graphics,32.2639999389648,integrated_gpu,AMD,,25.7569994926453,CARD_CONTROL,bc073883f0825c97af93c4a4e36fa1e2-driver-8388939,3686400,4,2560x1440,8
1.3.302,coverage,0.268999993801117,7,0.145000457763672,37.2080001831055,AMD Radeon(TM) Graphics,37.7449989318848,integrated_gpu,AMD,5.3390007019043,31.0960001945496,ALU_PROBE_96,bc073883f0825c97af93c4a4e36fa1e2-driver-8388939,3686400,4,2560x1440,8
1.3.302,coverage,0.266999989748001,7,0.272003173828125,53.2050018310547,AMD Radeon(TM) Graphics,54.2140007019043,integrated_gpu,AMD,21.3360023498535,47.0930018424988,LUT_PROBE_16,bc073883f0825c97af93c4a4e36fa1e2-driver-8388939,3686400,4,2560x1440,8
1.3.302,coverage,0.270999997854233,7,0.140998840332031,43.6879997253418,AMD Radeon(TM) Graphics,44.2869987487793,integrated_gpu,AMD,11.8190002441406,37.5759997367859,APPROX_KAJIYA_KAY,bc073883f0825c97af93c4a4e36fa1e2-driver-8388939,3686400,4,2560x1440,8
1.3.302,coverage,0.284000009298325,7,0.659999847412109,57.5900001525879,AMD Radeon(TM) Graphics,59.6969985961914,integrated_gpu,AMD,25.7210006713867,51.478000164032,FAST_MARSCHNER,bc073883f0825c97af93c4a4e36fa1e2-driver-8388939,3686400,4,2560x1440,8
1.3.302,coverage,0.256999999284744,7,1.41300201416016,90.0400009155273,AMD Radeon(TM) Graphics,91.5090026855469,integrated_gpu,AMD,58.1710014343262,83.9280009269714,CINEMATIC_MARSCHNER,bc073883f0825c97af93c4a4e36fa1e2-driver-8388939,3686400,4,2560x1440,8
1.3.302,coverage,0.273000001907349,7,0.91400146484375,69.9240036010742,AMD Radeon(TM) Graphics,71.8659973144531,integrated_gpu,AMD,38.055004119873,63.8120036125183,REFERENCE_MARSCHNER,bc073883f0825c97af93c4a4e36fa1e2-driver-8388939,3686400,4,2560x1440,8
